;		Common Class Paramter																														
#ignore	\o042																															
#exchange	#	\x20																														
;	2005.09.04																															
#table	Common																															
#columntype	index	dwrd																														
#columnname	key	argument																														
#record	RunSpeed	127 																														
#record	WalkSpeed	33 																														
#record	AttackSpeed	13 																														
#record	ShoutLevel	5 	; 	"미국의 경우는 5, 그외는 0"																												
#record	ShoutDelay	2 	; 	외치기 딜레이																												
#record	LevelLimit	125 	;	각 나라에 맞추어																												
#record	MaxExpBonus	3000 																														
;	휴식 경험치 시스템																															
#record	RestExpRate	1100 	;	적용하는 휴식 경험치의 적용비율(1/1000)																												
#record	MinNeedTime	21600 	;	휴식 경험치를 받기 위한 최소 접속 간격 시간(sec)																												
#record	DefaultBonusTime	600 	;	휴식 경험치 적용의 디폴트 시간(sec)																												
#record	IntervalTime	3600 	;	버프가 주어질 수 있는 간격의 최소 간격 시간(sec)																												
#record	AddBuffTime	600 	;	추가로 지급되는 버프의 단위 시간(sec)																												
#record	MaxBuffTime	7200 	;	주어질 수 있는 버프의 최대 적용 시간(sec)																												
#record	LostExpLevel	21 	;	경험치 다운되는 최소 레벨(이 값보다 작으면 경험치 누락없음)																												
#record	MaxFreeStat	180 	;	자유스탯테이블의 값																												
;																																
;																																
#table	StatTable																															
#columntype	byte	string[50]	WORD	WORD	WORD	WORD	WORD	WORD	WORD	WORD	WORD	WORD	WORD	WORD	WORD	WORD	WORD	WORD	WORD	WORD	WORD	WORD	WORD	WORD	WORD	WORD	WORD	WORD	WORD	WORD	DWORD	byte
#columnname	level	NextExp	 dummy	Fig	Cfig	War	Gla	Kni	Cle	Hcle	Pal	Hol	Gua	Arc	Harc	Sco	Sha	Ran	Mag	Wmag	Enc	Warl	Wiz	Jok	Chs	Cru	Cls	Ass	Sen	Sav	ExpLostAtPvP	CheckSum
#record	1 	10	0 	1 	0 	0 	0 	0 	1 	0 	0 	0 	0 	1 	0 	0 	0 	0 	1 	0 	0 	0 	0 	1 	0 	0 	0 	0 	0 	0 	0	1 
#record	2 	40	0 	2 	0 	0 	0 	0 	2 	0 	0 	0 	0 	2 	0 	0 	0 	0 	2 	0 	0 	0 	0 	2 	0 	0 	0 	0 	0 	0 	0	2 
#record	3 	100	0 	3 	0 	0 	0 	0 	3 	0 	0 	0 	0 	3 	0 	0 	0 	0 	3 	0 	0 	0 	0 	3 	0 	0 	0 	0 	0 	0 	0	3 
#record	4 	200	0 	4 	0 	0 	0 	0 	4 	0 	0 	0 	0 	4 	0 	0 	0 	0 	4 	0 	0 	0 	0 	4 	0 	0 	0 	0 	0 	0 	0	4 
#record	5 	350	0 	5 	0 	0 	0 	0 	5 	0 	0 	0 	0 	5 	0 	0 	0 	0 	5 	0 	0 	0 	0 	5 	0 	0 	0 	0 	0 	0 	0	5 
#record	6 	560	0 	6 	0 	0 	0 	0 	6 	0 	0 	0 	0 	6 	0 	0 	0 	0 	6 	0 	0 	0 	0 	6 	0 	0 	0 	0 	0 	0 	0	6 
#record	7 	840	0 	7 	0 	0 	0 	0 	7 	0 	0 	0 	0 	7 	0 	0 	0 	0 	7 	0 	0 	0 	0 	7 	0 	0 	0 	0 	0 	0 	0	7 
#record	8 	1200	0 	8 	0 	0 	0 	0 	8 	0 	0 	0 	0 	8 	0 	0 	0 	0 	8 	0 	0 	0 	0 	8 	0 	0 	0 	0 	0 	0 	0	8 
#record	9 	1650	0 	9 	0 	0 	0 	0 	9 	0 	0 	0 	0 	9 	0 	0 	0 	0 	9 	0 	0 	0 	0 	9 	0 	0 	0 	0 	0 	0 	0	9 
#record	10 	2350	0 	10 	0 	0 	0 	0 	10 	0 	0 	0 	0 	10 	0 	0 	0 	0 	10 	0 	0 	0 	0 	10 	0 	0 	0 	0 	0 	0 	0	10 
#record	11 	3340	0 	11 	0 	0 	0 	0 	11 	0 	0 	0 	0 	11 	0 	0 	0 	0 	11 	0 	0 	0 	0 	11 	0 	0 	0 	0 	0 	0 	0	11 
#record	12 	4671	0 	12 	0 	0 	0 	0 	12 	0 	0 	0 	0 	12 	0 	0 	0 	0 	12 	0 	0 	0 	0 	12 	0 	0 	0 	0 	0 	0 	0	12 
#record	13 	6401	0 	13 	0 	0 	0 	0 	13 	0 	0 	0 	0 	13 	0 	0 	0 	0 	13 	0 	0 	0 	0 	13 	0 	0 	0 	0 	0 	0 	0	13 
#record	14 	8597	0 	14 	0 	0 	0 	0 	14 	0 	0 	0 	0 	14 	0 	0 	0 	0 	14 	0 	0 	0 	0 	14 	0 	0 	0 	0 	0 	0 	0	14 
#record	15 	11416	0 	15 	0 	0 	0 	0 	15 	0 	0 	0 	0 	15 	0 	0 	0 	0 	15 	0 	0 	0 	0 	15 	0 	0 	0 	0 	0 	0 	0	15 
#record	16 	14959	0 	16 	0 	0 	0 	0 	16 	0 	0 	0 	0 	16 	0 	0 	0 	0 	16 	0 	0 	0 	0 	16 	0 	0 	0 	0 	0 	0 	0	16 
#record	17 	19987	0 	17 	0 	0 	0 	0 	17 	0 	0 	0 	0 	17 	0 	0 	0 	0 	17 	0 	0 	0 	0 	17 	0 	0 	0 	0 	0 	0 	0	17 
#record	18 	26203	0 	18 	0 	0 	0 	0 	18 	0 	0 	0 	0 	18 	0 	0 	0 	0 	18 	0 	0 	0 	0 	18 	0 	0 	0 	0 	0 	0 	0	18 
#record	19 	33843	0 	19 	0 	0 	0 	0 	19 	0 	0 	0 	0 	19 	0 	0 	0 	0 	19 	0 	0 	0 	0 	19 	0 	0 	0 	0 	0 	0 	0	19 
#record	20 	43539	0 	20 	25 	0 	0 	0 	20 	25 	0 	0 	0 	20 	25 	0 	0 	0 	20 	25 	0 	0 	0 	20 	25 	0 	0 	0 	0 	0 	300 	20 
#record	21 	54952	0 	21 	26 	0 	0 	0 	21 	26 	0 	0 	0 	21 	26 	0 	0 	0 	21 	26 	0 	0 	0 	21 	26 	0 	0 	0 	0 	0 	340 	21 
#record	22 	68451	0 	22 	27 	0 	0 	0 	22 	27 	0 	0 	0 	22 	27 	0 	0 	0 	22 	27 	0 	0 	0 	22 	27 	0 	0 	0 	0 	0 	370 	22 
#record	23 	84419	0 	23 	28 	0 	0 	0 	23 	28 	0 	0 	0 	23 	28 	0 	0 	0 	23 	28 	0 	0 	0 	23 	28 	0 	0 	0 	0 	0 	400 	23 
#record	24 	103307	0 	24 	29 	0 	0 	0 	24 	29 	0 	0 	0 	24 	29 	0 	0 	0 	24 	29 	0 	0 	0 	24 	29 	0 	0 	0 	0 	0 	450 	24 
#record	25 	125647	0 	25 	30 	0 	0 	0 	25 	30 	0 	0 	0 	25 	30 	0 	0 	0 	25 	30 	0 	0 	0 	25 	30 	0 	0 	0 	0 	0 	490 	25 
#record	26 	152070	0 	26 	31 	0 	0 	0 	26 	31 	0 	0 	0 	26 	31 	0 	0 	0 	26 	31 	0 	0 	0 	26 	31 	0 	0 	0 	0 	0 	550 	26 
#record	27 	183322	0 	27 	32 	0 	0 	0 	27 	32 	0 	0 	0 	27 	32 	0 	0 	0 	27 	32 	0 	0 	0 	27 	32 	0 	0 	0 	0 	0 	600 	27 
#record	28 	220284	0 	28 	33 	0 	0 	0 	28 	33 	0 	0 	0 	28 	33 	0 	0 	0 	28 	33 	0 	0 	0 	28 	33 	0 	0 	0 	0 	0 	670 	28 
#record	29 	263998	0 	29 	34 	0 	0 	0 	29 	34 	0 	0 	0 	29 	34 	0 	0 	0 	29 	34 	0 	0 	0 	29 	34 	0 	0 	0 	0 	0 	730 	29 
#record	30 	314987	0 	30 	35 	0 	0 	0 	30 	35 	0 	0 	0 	30 	35 	0 	0 	0 	30 	35 	0 	0 	0 	30 	35 	0 	0 	0 	0 	0 	800 	30 
#record	31 	374745	0 	31 	36 	0 	0 	0 	31 	36 	0 	0 	0 	31 	36 	0 	0 	0 	31 	36 	0 	0 	0 	31 	36 	0 	0 	0 	0 	0 	860 	31 
#record	32 	444441	0 	32 	37 	0 	0 	0 	32 	37 	0 	0 	0 	32 	37 	0 	0 	0 	32 	37 	0 	0 	0 	32 	37 	0 	0 	0 	0 	0 	950 	32 
#record	33 	525720	0 	33 	38 	0 	0 	0 	33 	38 	0 	0 	0 	33 	38 	0 	0 	0 	33 	38 	0 	0 	0 	33 	38 	0 	0 	0 	0 	0 	1030 	33 
#record	34 	620499	0 	34 	39 	0 	0 	0 	34 	39 	0 	0 	0 	34 	39 	0 	0 	0 	34 	39 	0 	0 	0 	34 	39 	0 	0 	0 	0 	0 	1130 	34 
#record	35 	731012	0 	35 	40 	0 	0 	0 	35 	40 	0 	0 	0 	35 	40 	0 	0 	0 	35 	40 	0 	0 	0 	35 	40 	0 	0 	0 	0 	0 	1230 	35 
#record	36 	859859	0 	36 	41 	0 	0 	0 	36 	41 	0 	0 	0 	36 	41 	0 	0 	0 	36 	41 	0 	0 	0 	36 	41 	0 	0 	0 	0 	0 	1340 	36 
#record	37 	1010070	0 	37 	42 	0 	0 	0 	37 	42 	0 	0 	0 	37 	42 	0 	0 	0 	37 	42 	0 	0 	0 	37 	42 	0 	0 	0 	0 	0 	1470 	37 
#record	38 	1185174	0 	38 	43 	0 	0 	0 	38 	43 	0 	0 	0 	38 	43 	0 	0 	0 	38 	43 	0 	0 	0 	38 	43 	0 	0 	0 	0 	0 	1600 	38 
#record	39 	1389279	0 	39 	44 	0 	0 	0 	39 	44 	0 	0 	0 	39 	44 	0 	0 	0 	39 	44 	0 	0 	0 	39 	44 	0 	0 	0 	0 	0 	1740 	39 
#record	40 	1628577	0 	40 	45 	0 	0 	0 	40 	45 	0 	0 	0 	40 	45 	0 	0 	0 	40 	45 	0 	0 	0 	40 	45 	0 	0 	0 	0 	0 	1890 	40 
#record	41 	1903735	0 	41 	46 	0 	0 	0 	41 	46 	0 	0 	0 	41 	46 	0 	0 	0 	41 	46 	0 	0 	0 	41 	46 	0 	0 	0 	0 	0 	2040 	41 
#record	42 	2220074	0 	42 	47 	0 	0 	0 	42 	47 	0 	0 	0 	42 	47 	0 	0 	0 	42 	47 	0 	0 	0 	42 	47 	0 	0 	0 	0 	0 	2210 	42 
#record	43 	2583699	0 	43 	48 	0 	0 	0 	43 	48 	0 	0 	0 	43 	48 	0 	0 	0 	43 	48 	0 	0 	0 	43 	48 	0 	0 	0 	0 	0 	2380 	43 
#record	44 	3001612	0 	44 	49 	0 	0 	0 	44 	49 	0 	0 	0 	44 	49 	0 	0 	0 	44 	49 	0 	0 	0 	44 	49 	0 	0 	0 	0 	0 	2580 	44 
#record	45 	3481845	0 	45 	50 	0 	0 	0 	45 	50 	0 	0 	0 	45 	50 	0 	0 	0 	45 	50 	0 	0 	0 	45 	50 	0 	0 	0 	0 	0 	2790 	45 
#record	46 	4033608	0 	46 	51 	0 	0 	0 	46 	51 	0 	0 	0 	46 	51 	0 	0 	0 	46 	51 	0 	0 	0 	46 	51 	0 	0 	0 	0 	0 	3010 	46 
#record	47 	4667463	0 	47 	52 	0 	0 	0 	47 	52 	0 	0 	0 	47 	52 	0 	0 	0 	47 	52 	0 	0 	0 	47 	52 	0 	0 	0 	0 	0 	3250 	47 
#record	48 	5395518	0 	48 	53 	0 	0 	0 	48 	53 	0 	0 	0 	48 	53 	0 	0 	0 	48 	53 	0 	0 	0 	48 	53 	0 	0 	0 	0 	0 	3530 	48 
#record	49 	6231658	0 	49 	54 	0 	0 	0 	49 	54 	0 	0 	0 	49 	54 	0 	0 	0 	49 	54 	0 	0 	0 	49 	54 	0 	0 	0 	0 	0 	3810 	49 
#record	50 	7186574	0 	50 	55 	0 	0 	0 	50 	55 	0 	0 	0 	50 	55 	0 	0 	0 	50 	55 	0 	0 	0 	50 	55 	0 	0 	0 	0 	0 	4080 	50 
#record	51 	8280054	0 	51 	56 	0 	0 	0 	51 	56 	0 	0 	0 	51 	56 	0 	0 	0 	51 	56 	0 	0 	0 	51 	56 	0 	0 	0 	0 	0 	4360 	51 
#record	52 	9519838	0 	52 	57 	0 	0 	0 	52 	57 	0 	0 	0 	52 	57 	0 	0 	0 	52 	57 	0 	0 	0 	52 	57 	0 	0 	0 	0 	0 	4670 	52 
#record	53 	10925018	0 	53 	58 	0 	0 	0 	53 	58 	0 	0 	0 	53 	58 	0 	0 	0 	53 	58 	0 	0 	0 	53 	58 	0 	0 	0 	0 	0 	4990 	53 
#record	54 	12517133	0 	54 	59 	0 	0 	0 	54 	59 	0 	0 	0 	54 	59 	0 	0 	0 	54 	59 	0 	0 	0 	54 	59 	0 	0 	0 	0 	0 	5340 	54 
#record	55 	14320476	0 	55 	60 	0 	0 	0 	55 	60 	0 	0 	0 	55 	60 	0 	0 	0 	55 	60 	0 	0 	0 	55 	60 	0 	0 	0 	0 	0 	5720 	55 
#record	56 	16362442	0 	56 	61 	0 	0 	0 	56 	61 	0 	0 	0 	56 	61 	0 	0 	0 	56 	61 	0 	0 	0 	56 	61 	0 	0 	0 	0 	0 	6120 	56 
#record	57 	18673920	0 	57 	62 	0 	0 	0 	57 	62 	0 	0 	0 	57 	62 	0 	0 	0 	57 	62 	0 	0 	0 	57 	62 	0 	0 	0 	0 	0 	6550 	57 
#record	58 	21289729	0 	58 	63 	0 	0 	0 	58 	63 	0 	0 	0 	58 	63 	0 	0 	0 	58 	63 	0 	0 	0 	58 	63 	0 	0 	0 	0 	0 	7010 	58 
#record	59 	24346145	0 	59 	64 	0 	0 	0 	59 	64 	0 	0 	0 	59 	64 	0 	0 	0 	59 	64 	0 	0 	0 	59 	64 	0 	0 	0 	0 	0 	7500 	59 
#record	60 	27892956	0 	60 	65 	75 	0 	0 	60 	65 	75 	0 	0 	60 	65 	75 	0 	0 	60 	65 	75 	0 	0 	60 	65 	75 	0 	0 	75 	0 	7950 	60 
#record	61 	31941383	0 	61 	66 	76 	0 	0 	61 	66 	76 	0 	0 	61 	66 	76 	0 	0 	61 	66 	76 	0 	0 	61 	66 	76 	0 	0 	76 	0 	8430 	61 
#record	62 	36553632	0 	62 	67 	77 	0 	0 	62 	67 	77 	0 	0 	62 	67 	77 	0 	0 	62 	67 	77 	0 	0 	62 	67 	77 	0 	0 	77 	0 	8940 	62 
#record	63 	41799105	0 	63 	68 	78 	0 	0 	63 	68 	78 	0 	0 	63 	68 	78 	0 	0 	63 	68 	78 	0 	0 	63 	68 	78 	0 	0 	78 	0 	9470 	63 
#record	64 	47755192	0 	64 	69 	79 	0 	0 	64 	69 	79 	0 	0 	64 	69 	79 	0 	0 	64 	69 	79 	0 	0 	64 	69 	79 	0 	0 	79 	0 	10040 	64 
#record	65 	54508159	0 	65 	70 	80 	0 	0 	65 	70 	80 	0 	0 	65 	70 	80 	0 	0 	65 	70 	80 	0 	0 	65 	70 	80 	0 	0 	80 	0 	10640 	65 
#record	66 	62154117	0 	66 	71 	81 	0 	0 	66 	71 	81 	0 	0 	66 	71 	81 	0 	0 	66 	71 	81 	0 	0 	66 	71 	81 	0 	0 	81 	0 	11280 	66 
#record	67 	70800112	0 	67 	72 	82 	0 	0 	67 	72 	82 	0 	0 	67 	72 	82 	0 	0 	67 	72 	82 	0 	0 	67 	72 	82 	0 	0 	82 	0 	11960 	67 
#record	68 	80565316	0 	68 	73 	83 	0 	0 	68 	73 	83 	0 	0 	68 	73 	83 	0 	0 	68 	73 	83 	0 	0 	68 	73 	83 	0 	0 	83 	0 	12680 	68 
#record	69 	91582354	0 	69 	74 	84 	0 	0 	69 	74 	84 	0 	0 	69 	74 	84 	0 	0 	69 	74 	84 	0 	0 	69 	74 	84 	0 	0 	84 	0 	13440 	69 
#record	70 	103941051	0 	70 	75 	85 	0 	0 	70 	75 	85 	0 	0 	70 	75 	85 	0 	0 	70 	75 	85 	0 	0 	70 	75 	85 	0 	0 	85 	0 	14110 	70 
#record	71 	117311787	0 	71 	76 	86 	0 	0 	71 	76 	86 	0 	0 	71 	76 	86 	0 	0 	71 	76 	86 	0 	0 	71 	76 	86 	0 	0 	86 	0 	14810 	71 
#record	72 	131750092	0 	72 	77 	87 	0 	0 	72 	77 	87 	0 	0 	72 	77 	87 	0 	0 	72 	77 	87 	0 	0 	72 	77 	87 	0 	0 	87 	0 	15560 	72 
#record	73 	147308993	0 	73 	78 	88 	0 	0 	73 	78 	88 	0 	0 	73 	78 	88 	0 	0 	73 	78 	88 	0 	0 	73 	78 	88 	0 	0 	88 	0 	16340 	73 
#record	74 	164037442	0 	74 	79 	89 	0 	0 	74 	79 	89 	0 	0 	74 	79 	89 	0 	0 	74 	79 	89 	0 	0 	74 	79 	89 	0 	0 	89 	0 	17160 	74 
#record	75 	181978388	0 	75 	80 	90 	0 	0 	75 	80 	90 	0 	0 	75 	80 	90 	0 	0 	75 	80 	90 	0 	0 	75 	80 	90 	0 	0 	90 	0 	18010 	75 
#record	76 	201166415	0 	76 	81 	91 	0 	0 	76 	81 	91 	0 	0 	76 	81 	91 	0 	0 	76 	81 	91 	0 	0 	76 	81 	91 	0 	0 	91 	0 	18920 	76 
#record	77 	221624868	0 	77 	82 	92 	0 	0 	77 	82 	92 	0 	0 	77 	82 	92 	0 	0 	77 	82 	92 	0 	0 	77 	82 	92 	0 	0 	92 	0 	19860 	77 
#record	78 	243362385	0 	78 	83 	93 	0 	0 	78 	83 	93 	0 	0 	78 	83 	93 	0 	0 	78 	83 	93 	0 	0 	78 	83 	93 	0 	0 	93 	0 	20850 	78 
#record	79 	266368711	0 	79 	84 	94 	0 	0 	79 	84 	94 	0 	0 	79 	84 	94 	0 	0 	79 	84 	94 	0 	0 	79 	84 	94 	0 	0 	94 	0 	21900 	79 
#record	80 	290846185	0 	80 	85 	95 	0 	0 	80 	85 	95 	0 	0 	80 	85 	95 	0 	0 	80 	85 	95 	0 	0 	80 	85 	95 	0 	0 	95 	0 	23000 	80 
#record	81 	319376085	0 	81 	86 	96 	0 	0 	81 	86 	96 	0 	0 	81 	86 	96 	0 	0 	81 	86 	96 	0 	0 	81 	86 	96 	0 	0 	96 	0 	24140 	81 
#record	82 	354507454	0 	82 	87 	97 	0 	0 	82 	87 	97 	0 	0 	82 	87 	97 	0 	0 	82 	87 	97 	0 	0 	82 	87 	97 	0 	0 	97 	0 	25350 	82 
#record	83 	397048348	0 	83 	88 	98 	0 	0 	83 	88 	98 	0 	0 	83 	88 	98 	0 	0 	83 	88 	98 	0 	0 	83 	88 	98 	0 	0 	98 	0 	26620 	83 
#record	84 	448664634	0 	84 	89 	99 	0 	0 	84 	89 	99 	0 	0 	84 	89 	99 	0 	0 	84 	89 	99 	0 	0 	84 	89 	99 	0 	0 	99 	0 	27950 	84 
#record	85 	511477682	0 	85 	90 	100 	0 	0 	85 	90 	100 	0 	0 	85 	90 	100 	0 	0 	85 	90 	100 	0 	0 	85 	90 	100 	0 	0 	100 	0 	29340 	85 
#record	86 	588199335	0 	86 	91 	101 	0 	0 	86 	91 	101 	0 	0 	86 	91 	101 	0 	0 	86 	91 	101 	0 	0 	86 	91 	101 	0 	0 	101 	0 	30820 	86 
#record	87 	682311228	0 	87 	92 	102 	0 	0 	87 	92 	102 	0 	0 	87 	92 	102 	0 	0 	87 	92 	102 	0 	0 	87 	92 	102 	0 	0 	102 	0 	32360 	87 
#record	88 	798304137	0 	88 	93 	103 	0 	0 	88 	93 	103 	0 	0 	88 	93 	103 	0 	0 	88 	93 	103 	0 	0 	88 	93 	103 	0 	0 	103 	0 	33970 	88 
#record	89 	941998882	0 	89 	94 	104 	0 	0 	89 	94 	104 	0 	0 	89 	94 	104 	0 	0 	89 	94 	104 	0 	0 	89 	94 	104 	0 	0 	104 	0 	35670 	89 
#record	90 	1109768883	0 	90 	95 	105 	0 	0 	90 	95 	105 	0 	0 	90 	95 	105 	0 	0 	90 	95 	105 	0 	0 	90 	95 	105 	0 	0 	105 	0 	37460 	90 
#record	91 	1318270915	0 	91 	96 	106 	0 	0 	91 	96 	106 	0 	0 	91 	96 	106 	0 	0 	91 	96 	106 	0 	0 	91 	96 	106 	0 	0 	106 	0 	39330 	91 
#record	92 	1578831197	0 	92 	97 	107 	0 	0 	92 	97 	107 	0 	0 	92 	97 	107 	0 	0 	92 	97 	107 	0 	0 	92 	97 	107 	0 	0 	107 	0 	41300 	92 
#record	93 	1906316596	0 	93 	98 	108 	0 	0 	93 	98 	108 	0 	0 	93 	98 	108 	0 	0 	93 	98 	108 	0 	0 	93 	98 	108 	0 	0 	108 	0 	43360 	93 
#record	94 	2222646006	0 	94 	99 	109 	0 	0 	94 	99 	109 	0 	0 	94 	99 	109 	0 	0 	94 	99 	109 	0 	0 	94 	99 	109 	0 	0 	109 	0 	45540 	94 
#record	95 	2574361418	0 	95 	100 	110 	0 	0 	95 	100 	110 	0 	0 	95 	100 	110 	0 	0 	95 	100 	110 	0 	0 	95 	100 	110 	0 	0 	110 	0 	47810 	95 
#record	96 	2952943980	0 	96 	101 	111 	0 	0 	96 	101 	111 	0 	0 	96 	101 	111 	0 	0 	96 	101 	111 	0 	0 	96 	101 	111 	0 	0 	111 	0 	50200 	96 
#record	97 	3376799595	0 	97 	102 	112 	0 	0 	97 	102 	112 	0 	0 	97 	102 	112 	0 	0 	97 	102 	112 	0 	0 	97 	102 	112 	0 	0 	112 	0 	52710 	97 
#record	98 	3816589234	0 	98 	103 	113 	0 	0 	98 	103 	113 	0 	0 	98 	103 	113 	0 	0 	98 	103 	113 	0 	0 	98 	103 	113 	0 	0 	113 	0 	55350 	98 
#record	99 	4256887017	0 	99 	104 	114 	0 	0 	99 	104 	114 	0 	0 	99 	104 	114 	0 	0 	99 	104 	114 	0 	0 	99 	104 	114 	0 	0 	114 	0 	58110 	99 
#record	100 	4701456361	0 	100 	105 	115 	130 	130 	100 	105 	115 	130 	130 	100 	105 	115 	130 	130 	100 	105 	115 	130 	130 	100 	105 	115 	130 	130 	115 	130 	61020 	100 
#record	101 	5230623378	0 	101 	106 	116 	131 	131 	101 	106 	116 	131 	131 	101 	106 	116 	131 	131 	101 	106 	116 	131 	131 	101 	106 	116 	131 	131 	116 	131 	64070 	101 
#record	102 	5791994175	0 	102 	107 	117 	132 	132 	102 	107 	117 	132 	132 	102 	107 	117 	132 	132 	102 	107 	117 	132 	132 	102 	107 	117 	132 	132 	117 	132 	67270 	102 
#record	103 	6521104030	0 	103 	108 	118 	133 	133 	103 	108 	118 	133 	133 	103 	108 	118 	133 	133 	103 	108 	118 	133 	133 	103 	108 	118 	133 	133 	118 	133 	70640 	103 
#record	104 	7476783069	0 	104 	109 	119 	134 	134 	104 	109 	119 	134 	134 	104 	109 	119 	134 	134 	104 	109 	119 	134 	134 	104 	109 	119 	134 	134 	119 	134 	74170 	104 
#record	105 	8616244808	0 	105 	110 	120 	135 	135 	105 	110 	120 	135 	135 	105 	110 	120 	135 	135 	105 	110 	120 	135 	135 	105 	110 	120 	135 	135 	120 	135 	77880 	105 
#record	106 	10008870423	0 	106 	111 	121 	136 	136 	106 	111 	121 	136 	136 	106 	111 	121 	136 	136 	106 	111 	121 	136 	136 	106 	111 	121 	136 	136 	121 	136 	81770 	106 
#record	107 	11551859528	0 	107 	112 	122 	137 	137 	107 	112 	122 	137 	137 	107 	112 	122 	137 	137 	107 	112 	122 	137 	137 	107 	112 	122 	137 	137 	122 	137 	85860 	107 
#record	108 	13305976287	0 	108 	113 	123 	138 	138 	108 	113 	123 	138 	138 	108 	113 	123 	138 	138 	108 	113 	123 	138 	138 	108 	113 	123 	138 	138 	123 	138 	90150 	108 
#record	109 	15301872730	0 	109 	114 	124 	139 	139 	109 	114 	124 	139 	139 	109 	114 	124 	139 	139 	109 	114 	124 	139 	139 	109 	114 	124 	139 	139 	124 	139 	94660 	109 
#record	110 	17595762560	0 	110 	115 	125 	140 	140 	110 	115 	125 	140 	140 	110 	115 	125 	140 	140 	110 	115 	125 	140 	140 	110 	115 	125 	140 	140 	125 	140 	111328 	110 
#record	111 	20302802954	0 	111 	116 	126 	141 	141 	111 	116 	126 	141 	141 	111 	116 	126 	141 	141 	111 	116 	126 	141 	141 	111 	116 	126 	141 	141 	126 	141 	118982 	111 
#record	112 	23664947123	0 	112 	117 	127 	142 	142 	112 	117 	127 	142 	142 	112 	117 	127 	142 	142 	112 	117 	127 	142 	142 	112 	117 	127 	142 	142 	127 	142 	127124 	112 
#record	113 	27642185010	0 	113 	118 	128 	143 	143 	113 	118 	128 	143 	143 	113 	118 	128 	143 	143 	113 	118 	128 	143 	143 	113 	118 	128 	143 	143 	128 	143 	135783 	113 
#record	114 	32552737877	0 	114 	119 	129 	144 	144 	114 	119 	129 	144 	144 	114 	119 	129 	144 	144 	114 	119 	129 	144 	144 	114 	119 	129 	144 	144 	129 	144 	144984 	114 
#record	115 	39063285452	0 	115 	120 	130 	145 	145 	115 	120 	130 	145 	145 	115 	120 	130 	145 	145 	115 	120 	130 	145 	145 	115 	120 	130 	145 	145 	130 	145 	152418 	115 
#record	116 	46626986736	0 	116 	121 	131 	146 	146 	116 	121 	131 	146 	146 	116 	121 	131 	146 	146 	116 	121 	131 	146 	146 	116 	121 	131 	146 	146 	131 	146 	159852 	116 
#record	117 	54726830429	0 	117 	122 	132 	147 	147 	117 	122 	132 	147 	147 	117 	122 	132 	147 	147 	117 	122 	132 	147 	147 	117 	122 	132 	147 	147 	132 	147 	167844 	117 
#record	118 	63550633157	0 	118 	123 	133 	148 	148 	118 	123 	133 	148 	148 	118 	123 	133 	148 	148 	118 	123 	133 	148 	148 	118 	123 	133 	148 	148 	133 	148 	176244 	118 
#record	119 	72987672292	0 	119 	124 	134 	149 	149 	119 	124 	134 	149 	149 	119 	124 	134 	149 	149 	119 	124 	134 	149 	149 	119 	124 	134 	149 	149 	134 	149 	185040 	119 
#record	120 	83037947834	0 	120 	125 	135 	150 	150 	120 	125 	135 	150 	150 	120 	125 	135 	150 	150 	120 	125 	135 	150 	150 	120 	125 	135 	150 	150 	135 	150 	161920 	120 
#record	121 	93617185246	0 	121 	126 	136 	151 	151 	121 	126 	136 	151 	151 	121 	126 	136 	151 	151 	121 	126 	136 	151 	151 	121 	126 	136 	151 	151 	136 	151 	202330 	121 
#record	122 	104753224627	0 	122 	127 	137 	152 	152 	122 	127 	137 	152 	152 	122 	127 	137 	152 	152 	122 	127 	137 	152 	152 	122 	127 	137 	152 	152 	137 	152 	212440 	122 
#record	123 	116475371344	0 	123 	128 	138 	153 	153 	123 	128 	138 	153 	153 	123 	128 	138 	153 	153 	123 	128 	138 	153 	153 	123 	128 	138 	153 	153 	138 	153 	223080 	123 
#record	124 	128814473151	0 	124 	129 	139 	154 	154 	124 	129 	139 	154 	154 	124 	129 	139 	154 	154 	124 	129 	139 	154 	154 	124 	129 	139 	154 	154 	139 	154 	234220 	124 
#record	125 	141803001369	0 	125 	130 	140 	155 	155 	125 	130 	140 	155 	155 	125 	130 	140 	155 	155 	125 	130 	140 	155 	155 	125 	130 	140 	155 	155 	140 	155 	245940 	125 
#record	126 	155816939710	0 	126 	131 	141 	156 	156 	126 	131 	141 	156 	156 	126 	131 	141 	156 	156 	126 	131 	141 	156 	156 	126 	131 	141 	156 	156 	141 	156 	258240 	126 
#record	127 	170983622642	0 	127 	132 	142 	157 	157 	127 	132 	142 	157 	157 	127 	132 	142 	157 	157 	127 	132 	142 	157 	157 	127 	132 	142 	157 	157 	142 	157 	271150 	127 
#record	128 	187303050164	0 	128 	133 	143 	158 	158 	128 	133 	143 	158 	158 	128 	133 	143 	158 	158 	128 	133 	143 	158 	158 	128 	133 	143 	158 	158 	143 	158 	284710 	128 
#record	129 	205254420439	0 	129 	134 	144 	159 	159 	129 	134 	144 	159 	159 	129 	134 	144 	159 	159 	129 	134 	144 	159 	159 	129 	134 	144 	159 	159 	144 	159 	298940 	129 
#record	130 	225000927742	0 	130 	135 	145 	160 	160 	130 	135 	145 	160 	160 	130 	135 	145 	160 	160 	130 	135 	145 	160 	160 	130 	135 	145 	160 	160 	145 	160 	310900 	130 
#record	131 	246722085775	0 	131 	136 	146 	161 	161 	131 	136 	146 	161 	161 	131 	136 	146 	161 	161 	131 	136 	146 	161 	161 	131 	136 	146 	161 	161 	146 	161 	323340 	131 
#record	132 	270615359611	0 	132 	137 	147 	162 	162 	132 	137 	147 	162 	162 	132 	137 	147 	162 	162 	132 	137 	147 	162 	162 	132 	137 	147 	162 	162 	147 	162 	336270 	132 
#record	133 	296897960830	0 	133 	138 	148 	163 	163 	133 	138 	148 	163 	163 	133 	138 	148 	163 	163 	133 	138 	148 	163 	163 	133 	138 	148 	163 	163 	148 	163 	349720 	133 
#record	134 	325808822172	0 	134 	139 	149 	164 	164 	134 	139 	149 	164 	164 	134 	139 	149 	164 	164 	134 	139 	149 	164 	164 	134 	139 	149 	164 	164 	149 	164 	363700 	134 
#record	135 	357610769648	0 	135 	140 	150 	165 	165 	135 	140 	150 	165 	165 	135 	140 	150 	165 	165 	135 	140 	150 	165 	165 	135 	140 	150 	165 	165 	150 	165 	378260 	135 
#record	136 	392592911871	0 	136 	141 	151 	166 	166 	136 	141 	151 	166 	166 	136 	141 	151 	166 	166 	136 	141 	151 	166 	166 	136 	141 	151 	166 	166 	151 	166 	393390 	136 
#record	137 	431073268317	0 	137 	142 	152 	167 	167 	137 	142 	152 	167 	167 	137 	142 	152 	167 	167 	137 	142 	152 	167 	167 	137 	142 	152 	167 	167 	152 	167 	409120 	137 
#record	138 	473401660407	0 	138 	143 	153 	168 	168 	138 	143 	153 	168 	168 	138 	143 	153 	168 	168 	138 	143 	153 	168 	168 	138 	143 	153 	168 	168 	153 	168 	425490 	138 
#record	139 	519962891706	0 	139 	144 	154 	169 	169 	139 	144 	154 	169 	169 	139 	144 	154 	169 	169 	139 	144 	154 	169 	169 	139 	144 	154 	169 	169 	154 	169 	442510 	139 
#record	140 	571180246136	0 	140 	145 	155 	170 	170 	140 	145 	155 	170 	170 	140 	145 	155 	170 	170 	140 	145 	155 	170 	170 	140 	145 	155 	170 	170 	155 	170 	460210 	140 
#record	141 	627519336008	0 	141 	146 	156 	171 	171 	141 	146 	156 	171 	171 	141 	146 	156 	171 	171 	141 	146 	156 	171 	171 	141 	146 	156 	171 	171 	156 	171 	478620 	141 
#record	142 	689492334867	0 	142 	147 	157 	172 	172 	142 	147 	157 	172 	172 	142 	147 	157 	172 	172 	142 	147 	157 	172 	172 	142 	147 	157 	172 	172 	157 	172 	497770 	142 
#record	143 	757662633612	0 	143 	148 	158 	173 	173 	143 	148 	158 	173 	173 	143 	148 	158 	173 	173 	143 	148 	158 	173 	173 	143 	148 	158 	173 	173 	158 	173 	517680 	143 
#record	144 	832649962232	0 	144 	149 	159 	174 	174 	144 	149 	159 	174 	174 	144 	149 	159 	174 	174 	144 	149 	159 	174 	174 	144 	149 	159 	174 	174 	159 	174 	538390 	144 
#record	145 	915136023714	0 	145 	150 	160 	175 	175 	145 	150 	160 	175 	175 	145 	150 	160 	175 	175 	145 	150 	160 	175 	175 	145 	150 	160 	175 	175 	160 	175 	559920 	145 
#record	146 	1005870691344	0 	146 	151 	161 	176 	176 	146 	151 	161 	176 	176 	146 	151 	161 	176 	176 	146 	151 	161 	176 	176 	146 	151 	161 	176 	176 	161 	176 	582320 	146 
#record	147 	1105678825737	0 	147 	152 	162 	177 	177 	147 	152 	162 	177 	177 	147 	152 	162 	177 	177 	147 	152 	162 	177 	177 	147 	152 	162 	177 	177 	162 	177 	605610 	147 
#record	148 	1215467773569	0 	148 	153 	163 	178 	178 	148 	153 	163 	178 	178 	148 	153 	163 	178 	178 	148 	153 	163 	178 	178 	148 	153 	163 	178 	178 	163 	178 	629840 	148 
#record	149 	1336235616185	0 	149 	154 	164 	179 	179 	149 	154 	164 	179 	179 	149 	154 	164 	179 	179 	149 	154 	164 	179 	179 	149 	154 	164 	179 	179 	164 	179 	655030 	149 
#record	150 	1469080243062	0 	150 	155 	165 	180 	180 	150 	155 	165 	180 	180 	150 	155 	165 	180 	180 	150 	155 	165 	180 	180 	150 	155 	165 	180 	180 	165 	180 	681220 	150 
																																
																																
																																
#table	FreeStatStrTable																															
#columntype	byte	WORD	BYTE																													
#columnname	Stat	WCAbsolute	CheckSum																													
#record	0 	0 	0 																													
#record	1 	1 	1 																													
#record	2 	2 	2 																													
#record	3 	3 	3 																													
#record	4 	4 	4 																													
#record	5 	6 	5 																													
#record	6 	7 	6 																													
#record	7 	8 	7 																													
#record	8 	9 	8 																													
#record	9 	10 	9 																													
#record	10 	12 	10 																													
#record	11 	13 	11 																													
#record	12 	14 	12 																													
#record	13 	15 	13 																													
#record	14 	16 	14 																													
#record	15 	18 	15 																													
#record	16 	19 	16 																													
#record	17 	20 	17 																													
#record	18 	21 	18 																													
#record	19 	22 	19 																													
#record	20 	24 	20 																													
#record	21 	25 	21 																													
#record	22 	26 	22 																													
#record	23 	27 	23 																													
#record	24 	28 	24 																													
#record	25 	30 	25 																													
#record	26 	31 	26 																													
#record	27 	32 	27 																													
#record	28 	33 	28 																													
#record	29 	34 	29 																													
#record	30 	36 	30 																													
#record	31 	37 	31 																													
#record	32 	38 	32 																													
#record	33 	39 	33 																													
#record	34 	40 	34 																													
#record	35 	42 	35 																													
#record	36 	43 	36 																													
#record	37 	44 	37 																													
#record	38 	45 	38 																													
#record	39 	46 	39 																													
#record	40 	48 	40 																													
#record	41 	49 	41 																													
#record	42 	50 	42 																													
#record	43 	51 	43 																													
#record	44 	52 	44 																													
#record	45 	54 	45 																													
#record	46 	55 	46 																													
#record	47 	56 	47 																													
#record	48 	57 	48 																													
#record	49 	58 	49 																													
#record	50 	60 	50 																													
#record	51 	61 	51 																													
#record	52 	62 	52 																													
#record	53 	63 	53 																													
#record	54 	64 	54 																													
#record	55 	66 	55 																													
#record	56 	67 	56 																													
#record	57 	68 	57 																													
#record	58 	69 	58 																													
#record	59 	70 	59 																													
#record	60 	72 	60 																													
#record	61 	73 	61 																													
#record	62 	74 	62 																													
#record	63 	75 	63 																													
#record	64 	76 	64 																													
#record	65 	78 	65 																													
#record	66 	79 	66 																													
#record	67 	80 	67 																													
#record	68 	81 	68 																													
#record	69 	82 	69 																													
#record	70 	84 	70 																													
#record	71 	85 	71 																													
#record	72 	86 	72 																													
#record	73 	87 	73 																													
#record	74 	88 	74 																													
#record	75 	90 	75 																													
#record	76 	91 	76 																													
#record	77 	92 	77 																													
#record	78 	93 	78 																													
#record	79 	94 	79 																													
#record	80 	96 	80 																													
#record	81 	97 	81 																													
#record	82 	98 	82 																													
#record	83 	99 	83 																													
#record	84 	100 	84 																													
#record	85 	102 	85 																													
#record	86 	103 	86 																													
#record	87 	104 	87 																													
#record	88 	105 	88 																													
#record	89 	106 	89 																													
#record	90 	108 	90 																													
#record	91 	109 	91 																													
#record	92 	110 	92 																													
#record	93 	111 	93 																													
#record	94 	112 	94 																													
#record	95 	114 	95 																													
#record	96 	115 	96 																													
#record	97 	116 	97 																													
#record	98 	117 	98 																													
#record	99 	118 	99 																													
#record	100 	120 	100 																													
#record	101 	121 	101 																													
#record	102 	122 	102 																													
#record	103 	123 	103 																													
#record	104 	124 	104 																													
#record	105 	126 	105 																													
#record	106 	127 	106 																													
#record	107 	128 	107 																													
#record	108 	129 	108 																													
#record	109 	130 	109 																													
#record	110 	132 	110 																													
#record	111 	133 	111 																													
#record	112 	134 	112 																													
#record	113 	135 	113 																													
#record	114 	136 	114 																													
#record	115 	138 	115 																													
#record	116 	139 	116 																													
#record	117 	140 	117 																													
#record	118 	141 	118 																													
#record	119 	142 	119 																													
#record	120 	144 	120 																													
#record	121 	145 	121 																													
#record	122 	146 	122 																													
#record	123 	147 	123 																													
#record	124 	148 	124 																													
#record	125 	150 	125 																													
#record	126 	151 	126 																													
#record	127 	152 	127 																													
#record	128 	153 	128 																													
#record	129 	154 	129 																													
#record	130 	156 	130 																													
#record	131 	157 	131 																													
#record	132 	158 	132 																													
#record	133 	159 	133 																													
#record	134 	160 	134 																													
#record	135 	162 	135 																													
#record	136 	163 	136 																													
#record	137 	164 	137 																													
#record	138 	165 	138 																													
#record	139 	166 	139 																													
#record	140 	168 	140 																													
#record	141 	169 	141 																													
#record	142 	170 	142 																													
#record	143 	171 	143 																													
#record	144 	172 	144 																													
#record	145 	174 	145 																													
#record	146 	175 	146 																													
#record	147 	176 	147 																													
#record	148 	177 	148 																													
#record	149 	178 	149 																													
#record	150 	180 	150 																													
#record	151 	181 	151 																													
#record	152 	182 	152 																													
#record	153 	183 	153 																													
#record	154 	184 	154 																													
#record	155 	186 	155 																													
#record	156 	187 	156 																													
#record	157 	188 	157 																													
#record	158 	189 	158 																													
#record	159 	190 	159 																													
#record	160 	192 	160 																													
#record	161 	193 	161 																													
#record	162 	194 	162 																													
#record	163 	195 	163 																													
#record	164 	196 	164 																													
#record	165 	198 	165 																													
#record	166 	199 	166 																													
#record	167 	200 	167 																													
#record	168 	201 	168 																													
#record	169 	202 	169 																													
#record	170 	204 	170 																													
#record	171 	205 	171 																													
#record	172 	206 	172 																													
#record	173 	207 	173 																													
#record	174 	208 	174 																													
#record	175 	210 	175 																													
#record	176 	211 	176 																													
#record	177 	212 	177 																													
#record	178 	213 	178 																													
#record	179 	214 	179 																													
#record	180 	216 	180 																													
																																
																																
#table	FreeStatIntTable																															
#columntype	byte	WORD	BYTE																													
#columnname	Stat	MAAbsolute	CheckSum																													
#record	0 	0 	0 																													
#record	1 	1 	1 																													
#record	2 	2 	2 																													
#record	3 	3 	3 																													
#record	4 	4 	4 																													
#record	5 	6 	5 																													
#record	6 	7 	6 																													
#record	7 	8 	7 																													
#record	8 	9 	8 																													
#record	9 	10 	9 																													
#record	10 	12 	10 																													
#record	11 	13 	11 																													
#record	12 	14 	12 																													
#record	13 	15 	13 																													
#record	14 	16 	14 																													
#record	15 	18 	15 																													
#record	16 	19 	16 																													
#record	17 	20 	17 																													
#record	18 	21 	18 																													
#record	19 	22 	19 																													
#record	20 	24 	20 																													
#record	21 	25 	21 																													
#record	22 	26 	22 																													
#record	23 	27 	23 																													
#record	24 	28 	24 																													
#record	25 	30 	25 																													
#record	26 	31 	26 																													
#record	27 	32 	27 																													
#record	28 	33 	28 																													
#record	29 	34 	29 																													
#record	30 	36 	30 																													
#record	31 	37 	31 																													
#record	32 	38 	32 																													
#record	33 	39 	33 																													
#record	34 	40 	34 																													
#record	35 	42 	35 																													
#record	36 	43 	36 																													
#record	37 	44 	37 																													
#record	38 	45 	38 																													
#record	39 	46 	39 																													
#record	40 	48 	40 																													
#record	41 	49 	41 																													
#record	42 	50 	42 																													
#record	43 	51 	43 																													
#record	44 	52 	44 																													
#record	45 	54 	45 																													
#record	46 	55 	46 																													
#record	47 	56 	47 																													
#record	48 	57 	48 																													
#record	49 	58 	49 																													
#record	50 	60 	50 																													
#record	51 	61 	51 																													
#record	52 	62 	52 																													
#record	53 	63 	53 																													
#record	54 	64 	54 																													
#record	55 	66 	55 																													
#record	56 	67 	56 																													
#record	57 	68 	57 																													
#record	58 	69 	58 																													
#record	59 	70 	59 																													
#record	60 	72 	60 																													
#record	61 	73 	61 																													
#record	62 	74 	62 																													
#record	63 	75 	63 																													
#record	64 	76 	64 																													
#record	65 	78 	65 																													
#record	66 	79 	66 																													
#record	67 	80 	67 																													
#record	68 	81 	68 																													
#record	69 	82 	69 																													
#record	70 	84 	70 																													
#record	71 	85 	71 																													
#record	72 	86 	72 																													
#record	73 	87 	73 																													
#record	74 	88 	74 																													
#record	75 	90 	75 																													
#record	76 	91 	76 																													
#record	77 	92 	77 																													
#record	78 	93 	78 																													
#record	79 	94 	79 																													
#record	80 	96 	80 																													
#record	81 	97 	81 																													
#record	82 	98 	82 																													
#record	83 	99 	83 																													
#record	84 	100 	84 																													
#record	85 	102 	85 																													
#record	86 	103 	86 																													
#record	87 	104 	87 																													
#record	88 	105 	88 																													
#record	89 	106 	89 																													
#record	90 	108 	90 																													
#record	91 	109 	91 																													
#record	92 	110 	92 																													
#record	93 	111 	93 																													
#record	94 	112 	94 																													
#record	95 	114 	95 																													
#record	96 	115 	96 																													
#record	97 	116 	97 																													
#record	98 	117 	98 																													
#record	99 	118 	99 																													
#record	100 	120 	100 																													
#record	101 	121 	101 																													
#record	102 	122 	102 																													
#record	103 	123 	103 																													
#record	104 	124 	104 																													
#record	105 	126 	105 																													
#record	106 	127 	106 																													
#record	107 	128 	107 																													
#record	108 	129 	108 																													
#record	109 	130 	109 																													
#record	110 	132 	110 																													
#record	111 	133 	111 																													
#record	112 	134 	112 																													
#record	113 	135 	113 																													
#record	114 	136 	114 																													
#record	115 	138 	115 																													
#record	116 	139 	116 																													
#record	117 	140 	117 																													
#record	118 	141 	118 																													
#record	119 	142 	119 																													
#record	120 	144 	120 																													
#record	121 	145 	121 																													
#record	122 	146 	122 																													
#record	123 	147 	123 																													
#record	124 	148 	124 																													
#record	125 	150 	125 																													
#record	126 	151 	126 																													
#record	127 	152 	127 																													
#record	128 	153 	128 																													
#record	129 	154 	129 																													
#record	130 	156 	130 																													
#record	131 	157 	131 																													
#record	132 	158 	132 																													
#record	133 	159 	133 																													
#record	134 	160 	134 																													
#record	135 	162 	135 																													
#record	136 	163 	136 																													
#record	137 	164 	137 																													
#record	138 	165 	138 																													
#record	139 	166 	139 																													
#record	140 	168 	140 																													
#record	141 	169 	141 																													
#record	142 	170 	142 																													
#record	143 	171 	143 																													
#record	144 	172 	144 																													
#record	145 	174 	145 																													
#record	146 	175 	146 																													
#record	147 	176 	147 																													
#record	148 	177 	148 																													
#record	149 	178 	149 																													
#record	150 	180 	150 																													
#record	151 	181 	151 																													
#record	152 	182 	152 																													
#record	153 	183 	153 																													
#record	154 	184 	154 																													
#record	155 	186 	155 																													
#record	156 	187 	156 																													
#record	157 	188 	157 																													
#record	158 	189 	158 																													
#record	159 	190 	159 																													
#record	160 	192 	160 																													
#record	161 	193 	161 																													
#record	162 	194 	162 																													
#record	163 	195 	163 																													
#record	164 	196 	164 																													
#record	165 	198 	165 																													
#record	166 	199 	166 																													
#record	167 	200 	167 																													
#record	168 	201 	168 																													
#record	169 	202 	169 																													
#record	170 	204 	170 																													
#record	171 	205 	171 																													
#record	172 	206 	172 																													
#record	173 	207 	173 																													
#record	174 	208 	174 																													
#record	175 	210 	175 																													
#record	176 	211 	176 																													
#record	177 	212 	177 																													
#record	178 	213 	178 																													
#record	179 	214 	179 																													
#record	180 	216 	180 																													
																																
																																
#table	FreeStatDexTable																															
#columntype	byte	WORD	WORD	BYTE																												
#columnname	Stat	THRate	TBRate	CheckSum																												
#record	0 	0 	0 	0 																												
#record	1 	3 	2 	1 																												
#record	2 	6 	4 	2 																												
#record	3 	9 	6 	3 																												
#record	4 	12 	8 	4 																												
#record	5 	15 	10 	5 																												
#record	6 	18 	12 	6 																												
#record	7 	21 	14 	7 																												
#record	8 	24 	16 	8 																												
#record	9 	27 	18 	9 																												
#record	10 	30 	20 	10 																												
#record	11 	33 	22 	11 																												
#record	12 	36 	24 	12 																												
#record	13 	39 	26 	13 																												
#record	14 	42 	28 	14 																												
#record	15 	45 	30 	15 																												
#record	16 	48 	32 	16 																												
#record	17 	51 	34 	17 																												
#record	18 	54 	36 	18 																												
#record	19 	57 	38 	19 																												
#record	20 	60 	40 	20 																												
#record	21 	63 	42 	21 																												
#record	22 	66 	44 	22 																												
#record	23 	69 	46 	23 																												
#record	24 	72 	48 	24 																												
#record	25 	75 	50 	25 																												
#record	26 	78 	52 	26 																												
#record	27 	81 	54 	27 																												
#record	28 	84 	56 	28 																												
#record	29 	87 	58 	29 																												
#record	30 	90 	60 	30 																												
#record	31 	93 	62 	31 																												
#record	32 	96 	64 	32 																												
#record	33 	99 	66 	33 																												
#record	34 	101 	68 	34 																												
#record	35 	103 	70 	35 																												
#record	36 	105 	72 	36 																												
#record	37 	107 	74 	37 																												
#record	38 	109 	76 	38 																												
#record	39 	111 	78 	39 																												
#record	40 	113 	80 	40 																												
#record	41 	115 	82 	41 																												
#record	42 	117 	84 	42 																												
#record	43 	119 	86 	43 																												
#record	44 	121 	88 	44 																												
#record	45 	123 	90 	45 																												
#record	46 	125 	92 	46 																												
#record	47 	127 	94 	47 																												
#record	48 	129 	96 	48 																												
#record	49 	131 	98 	49 																												
#record	50 	133 	100 	50 																												
#record	51 	135 	101 	51 																												
#record	52 	137 	102 	52 																												
#record	53 	139 	103 	53 																												
#record	54 	141 	104 	54 																												
#record	55 	143 	105 	55 																												
#record	56 	145 	106 	56 																												
#record	57 	147 	107 	57 																												
#record	58 	149 	108 	58 																												
#record	59 	151 	109 	59 																												
#record	60 	153 	110 	60 																												
#record	61 	155 	111 	61 																												
#record	62 	157 	112 	62 																												
#record	63 	159 	113 	63 																												
#record	64 	161 	114 	64 																												
#record	65 	163 	115 	65 																												
#record	66 	165 	116 	66 																												
#record	67 	167 	117 	67 																												
#record	68 	168 	118 	68 																												
#record	69 	169 	119 	69 																												
#record	70 	170 	120 	70 																												
#record	71 	171 	121 	71 																												
#record	72 	172 	122 	72 																												
#record	73 	173 	123 	73 																												
#record	74 	174 	124 	74 																												
#record	75 	175 	125 	75 																												
#record	76 	176 	126 	76 																												
#record	77 	177 	127 	77 																												
#record	78 	178 	128 	78 																												
#record	79 	179 	129 	79 																												
#record	80 	180 	130 	80 																												
#record	81 	181 	131 	81 																												
#record	82 	182 	132 	82 																												
#record	83 	183 	133 	83 																												
#record	84 	184 	134 	84 																												
#record	85 	185 	135 	85 																												
#record	86 	186 	136 	86 																												
#record	87 	187 	137 	87 																												
#record	88 	188 	138 	88 																												
#record	89 	189 	139 	89 																												
#record	90 	190 	140 	90 																												
#record	91 	191 	141 	91 																												
#record	92 	192 	142 	92 																												
#record	93 	193 	143 	93 																												
#record	94 	194 	144 	94 																												
#record	95 	195 	145 	95 																												
#record	96 	196 	146 	96 																												
#record	97 	197 	147 	97 																												
#record	98 	198 	148 	98 																												
#record	99 	199 	149 	99 																												
#record	100 	200 	150 	100 																												
#record	101 	201 	151 	101 																												
#record	102 	202 	152 	102 																												
#record	103 	203 	153 	103 																												
#record	104 	204 	154 	104 																												
#record	105 	205 	155 	105 																												
#record	106 	206 	156 	106 																												
#record	107 	207 	157 	107 																												
#record	108 	208 	158 	108 																												
#record	109 	209 	159 	109 																												
#record	110 	210 	160 	110 																												
#record	111 	211 	161 	111 																												
#record	112 	212 	162 	112 																												
#record	113 	213 	163 	113 																												
#record	114 	214 	164 	114 																												
#record	115 	215 	165 	115 																												
#record	116 	216 	166 	116 																												
#record	117 	217 	167 	117 																												
#record	118 	218 	168 	118 																												
#record	119 	219 	169 	119 																												
#record	120 	220 	170 	120 																												
#record	121 	221 	171 	121 																												
#record	122 	222 	172 	122 																												
#record	123 	223 	173 	123 																												
#record	124 	224 	174 	124 																												
#record	125 	225 	175 	125 																												
#record	126 	226 	176 	126 																												
#record	127 	227 	177 	127 																												
#record	128 	228 	178 	128 																												
#record	129 	229 	179 	129 																												
#record	130 	230 	180 	130 																												
#record	131 	231 	181 	131 																												
#record	132 	232 	182 	132 																												
#record	133 	233 	183 	133 																												
#record	134 	234 	184 	134 																												
#record	135 	235 	185 	135 																												
#record	136 	236 	186 	136 																												
#record	137 	237 	187 	137 																												
#record	138 	238 	188 	138 																												
#record	139 	239 	189 	139 																												
#record	140 	240 	190 	140 																												
#record	141 	241 	191 	141 																												
#record	142 	242 	192 	142 																												
#record	143 	243 	193 	143 																												
#record	144 	244 	194 	144 																												
#record	145 	245 	195 	145 																												
#record	146 	246 	196 	146 																												
#record	147 	247 	197 	147 																												
#record	148 	248 	198 	148 																												
#record	149 	249 	199 	149 																												
#record	150 	250 	200 	150 																												
#record	151 	251 	201 	151 																												
#record	152 	252 	202 	152 																												
#record	153 	253 	203 	153 																												
#record	154 	254 	204 	154 																												
#record	155 	255 	205 	155 																												
#record	156 	256 	206 	156 																												
#record	157 	257 	207 	157 																												
#record	158 	258 	208 	158 																												
#record	159 	259 	209 	159 																												
#record	160 	260 	210 	160 																												
#record	161 	261 	211 	161 																												
#record	162 	262 	212 	162 																												
#record	163 	263 	213 	163 																												
#record	164 	264 	214 	164 																												
#record	165 	265 	215 	165 																												
#record	166 	266 	216 	166 																												
#record	167 	267 	217 	167 																												
#record	168 	268 	218 	168 																												
#record	169 	269 	219 	169 																												
#record	170 	270 	220 	170 																												
#record	171 	271 	221 	171 																												
#record	172 	272 	222 	172 																												
#record	173 	273 	223 	173 																												
#record	174 	274 	224 	174 																												
#record	175 	275 	225 	175 																												
#record	176 	276 	226 	176 																												
#record	177 	277 	227 	177 																												
#record	178 	278 	228 	178 																												
#record	179 	279 	229 	179 																												
#record	180 	280 	230 	180 																												
																																
																																
#table	FreeStatConTable																															
#columntype	byte	WORD	WORD	WORD	BYTE																											
#columnname	Stat	ACAbsoulte	BlockRate	MaxHP	CheckSum																											
#record	0 	0 	0 	0 	0 																											
#record	1 	1 	1 	5 	1 																											
#record	2 	1 	2 	10 	2 																											
#record	3 	2 	3 	15 	3 																											
#record	4 	2 	4 	20 	4 																											
#record	5 	3 	5 	25 	5 																											
#record	6 	3 	6 	30 	6 																											
#record	7 	4 	7 	35 	7 																											
#record	8 	4 	8 	40 	8 																											
#record	9 	5 	9 	45 	9 																											
#record	10 	5 	10 	50 	10 																											
#record	11 	6 	11 	55 	11 																											
#record	12 	6 	12 	60 	12 																											
#record	13 	7 	13 	65 	13 																											
#record	14 	7 	14 	70 	14 																											
#record	15 	8 	15 	75 	15 																											
#record	16 	8 	16 	80 	16 																											
#record	17 	9 	17 	85 	17 																											
#record	18 	9 	18 	90 	18 																											
#record	19 	10 	19 	95 	19 																											
#record	20 	10 	20 	100 	20 																											
#record	21 	11 	21 	105 	21 																											
#record	22 	11 	22 	110 	22 																											
#record	23 	12 	23 	115 	23 																											
#record	24 	12 	24 	120 	24 																											
#record	25 	13 	25 	125 	25 																											
#record	26 	13 	26 	130 	26 																											
#record	27 	14 	27 	135 	27 																											
#record	28 	14 	28 	140 	28 																											
#record	29 	15 	29 	145 	29 																											
#record	30 	15 	30 	150 	30 																											
#record	31 	16 	31 	155 	31 																											
#record	32 	16 	32 	160 	32 																											
#record	33 	17 	33 	165 	33 																											
#record	34 	17 	34 	170 	34 																											
#record	35 	18 	35 	175 	35 																											
#record	36 	18 	36 	180 	36 																											
#record	37 	19 	37 	185 	37 																											
#record	38 	19 	38 	190 	38 																											
#record	39 	20 	39 	195 	39 																											
#record	40 	20 	40 	200 	40 																											
#record	41 	21 	41 	205 	41 																											
#record	42 	21 	42 	210 	42 																											
#record	43 	22 	43 	215 	43 																											
#record	44 	22 	44 	220 	44 																											
#record	45 	23 	45 	225 	45 																											
#record	46 	23 	46 	230 	46 																											
#record	47 	24 	47 	235 	47 																											
#record	48 	24 	48 	240 	48 																											
#record	49 	25 	49 	245 	49 																											
#record	50 	25 	50 	250 	50 																											
#record	51 	26 	50 	255 	51 																											
#record	52 	26 	51 	260 	52 																											
#record	53 	27 	51 	265 	53 																											
#record	54 	27 	52 	270 	54 																											
#record	55 	28 	52 	275 	55 																											
#record	56 	28 	53 	280 	56 																											
#record	57 	29 	53 	285 	57 																											
#record	58 	29 	54 	290 	58 																											
#record	59 	30 	54 	295 	59 																											
#record	60 	30 	55 	300 	60 																											
#record	61 	31 	55 	305 	61 																											
#record	62 	31 	56 	310 	62 																											
#record	63 	32 	56 	315 	63 																											
#record	64 	32 	57 	320 	64 																											
#record	65 	33 	57 	325 	65 																											
#record	66 	33 	58 	330 	66 																											
#record	67 	34 	58 	335 	67 																											
#record	68 	34 	59 	340 	68 																											
#record	69 	35 	59 	345 	69 																											
#record	70 	35 	60 	350 	70 																											
#record	71 	36 	60 	355 	71 																											
#record	72 	36 	61 	360 	72 																											
#record	73 	37 	61 	365 	73 																											
#record	74 	37 	62 	370 	74 																											
#record	75 	38 	62 	375 	75 																											
#record	76 	38 	63 	380 	76 																											
#record	77 	39 	63 	385 	77 																											
#record	78 	39 	64 	390 	78 																											
#record	79 	40 	64 	395 	79 																											
#record	80 	40 	65 	400 	80 																											
#record	81 	41 	65 	405 	81 																											
#record	82 	41 	66 	410 	82 																											
#record	83 	42 	66 	415 	83 																											
#record	84 	42 	67 	420 	84 																											
#record	85 	43 	67 	425 	85 																											
#record	86 	43 	68 	430 	86 																											
#record	87 	44 	68 	435 	87 																											
#record	88 	44 	69 	440 	88 																											
#record	89 	45 	69 	445 	89 																											
#record	90 	45 	70 	450 	90 																											
#record	91 	46 	70 	455 	91 																											
#record	92 	46 	71 	460 	92 																											
#record	93 	47 	71 	465 	93 																											
#record	94 	47 	72 	470 	94 																											
#record	95 	48 	72 	475 	95 																											
#record	96 	48 	73 	480 	96 																											
#record	97 	49 	73 	485 	97 																											
#record	98 	49 	74 	490 	98 																											
#record	99 	50 	74 	495 	99 																											
#record	100 	50 	75 	500 	100 																											
#record	101 	51 	75 	505 	101 																											
#record	102 	51 	76 	510 	102 																											
#record	103 	52 	76 	515 	103 																											
#record	104 	52 	77 	520 	104 																											
#record	105 	53 	77 	525 	105 																											
#record	106 	53 	78 	530 	106 																											
#record	107 	54 	78 	535 	107 																											
#record	108 	54 	79 	540 	108 																											
#record	109 	55 	79 	545 	109 																											
#record	110 	55 	80 	550 	110 																											
#record	111 	56 	80 	555 	111 																											
#record	112 	56 	81 	560 	112 																											
#record	113 	57 	81 	565 	113 																											
#record	114 	57 	82 	570 	114 																											
#record	115 	58 	82 	575 	115 																											
#record	116 	58 	83 	580 	116 																											
#record	117 	59 	83 	585 	117 																											
#record	118 	59 	84 	590 	118 																											
#record	119 	60 	84 	595 	119 																											
#record	120 	60 	85 	600 	120 																											
#record	121 	61 	85 	605 	121 																											
#record	122 	61 	86 	610 	122 																											
#record	123 	62 	86 	615 	123 																											
#record	124 	62 	87 	620 	124 																											
#record	125 	63 	87 	625 	125 																											
#record	126 	63 	88 	630 	126 																											
#record	127 	64 	88 	635 	127 																											
#record	128 	64 	89 	640 	128 																											
#record	129 	65 	89 	645 	129 																											
#record	130 	65 	90 	650 	130 																											
#record	131 	66 	90 	655 	131 																											
#record	132 	66 	91 	660 	132 																											
#record	133 	67 	91 	665 	133 																											
#record	134 	67 	92 	670 	134 																											
#record	135 	68 	92 	675 	135 																											
#record	136 	68 	93 	680 	136 																											
#record	137 	69 	93 	685 	137 																											
#record	138 	69 	94 	690 	138 																											
#record	139 	70 	94 	695 	139 																											
#record	140 	70 	95 	700 	140 																											
#record	141 	71 	95 	705 	141 																											
#record	142 	71 	96 	710 	142 																											
#record	143 	72 	96 	715 	143 																											
#record	144 	72 	97 	720 	144 																											
#record	145 	73 	97 	725 	145 																											
#record	146 	73 	98 	730 	146 																											
#record	147 	74 	98 	735 	147 																											
#record	148 	74 	99 	740 	148 																											
#record	149 	75 	99 	745 	149 																											
#record	150 	75 	100 	750 	150 																											
#record	151 	76 	100 	755 	151 																											
#record	152 	76 	100 	760 	152 																											
#record	153 	77 	100 	765 	153 																											
#record	154 	77 	100 	770 	154 																											
#record	155 	78 	100 	775 	155 																											
#record	156 	78 	100 	780 	156 																											
#record	157 	79 	100 	785 	157 																											
#record	158 	79 	100 	790 	158 																											
#record	159 	80 	100 	795 	159 																											
#record	160 	80 	100 	800 	160 																											
#record	161 	81 	100 	805 	161 																											
#record	162 	81 	100 	810 	162 																											
#record	163 	82 	100 	815 	163 																											
#record	164 	82 	100 	820 	164 																											
#record	165 	83 	100 	825 	165 																											
#record	166 	83 	100 	830 	166 																											
#record	167 	84 	100 	835 	167 																											
#record	168 	84 	100 	840 	168 																											
#record	169 	85 	100 	845 	169 																											
#record	170 	85 	100 	850 	170 																											
#record	171 	86 	100 	855 	171 																											
#record	172 	86 	100 	860 	172 																											
#record	173 	87 	100 	865 	173 																											
#record	174 	87 	100 	870 	174 																											
#record	175 	88 	100 	875 	175 																											
#record	176 	88 	100 	880 	176 																											
#record	177 	89 	100 	885 	177 																											
#record	178 	89 	100 	890 	178 																											
#record	179 	90 	100 	895 	179 																											
#record	180 	90 	100 	900 	180 																											
																																
																																
#table	FreeStatMenTable																															
#columntype	byte	WORD	WORD	WORD	BYTE																											
#columnname	Stat	MRAbsolute	CriRate	MaxSP	CheckSum																											
#record	0 	0 	0 	0 	0 																											
#record	1 	1 	2 	5 	1 																											
#record	2 	1 	4 	10 	2 																											
#record	3 	2 	6 	15 	3 																											
#record	4 	2 	8 	20 	4 																											
#record	5 	3 	10 	25 	5 																											
#record	6 	3 	12 	30 	6 																											
#record	7 	4 	14 	35 	7 																											
#record	8 	4 	16 	40 	8 																											
#record	9 	5 	18 	45 	9 																											
#record	10 	5 	20 	50 	10 																											
#record	11 	6 	22 	55 	11 																											
#record	12 	6 	24 	60 	12 																											
#record	13 	7 	26 	65 	13 																											
#record	14 	7 	28 	70 	14 																											
#record	15 	8 	30 	75 	15 																											
#record	16 	8 	32 	80 	16 																											
#record	17 	9 	34 	85 	17 																											
#record	18 	9 	36 	90 	18 																											
#record	19 	10 	38 	95 	19 																											
#record	20 	10 	40 	100 	20 																											
#record	21 	11 	42 	105 	21 																											
#record	22 	11 	44 	110 	22 																											
#record	23 	12 	46 	115 	23 																											
#record	24 	12 	48 	120 	24 																											
#record	25 	13 	50 	125 	25 																											
#record	26 	13 	51 	130 	26 																											
#record	27 	14 	52 	135 	27 																											
#record	28 	14 	53 	140 	28 																											
#record	29 	15 	54 	145 	29 																											
#record	30 	15 	55 	150 	30 																											
#record	31 	16 	56 	155 	31 																											
#record	32 	16 	57 	160 	32 																											
#record	33 	17 	58 	165 	33 																											
#record	34 	17 	59 	170 	34 																											
#record	35 	18 	60 	175 	35 																											
#record	36 	18 	61 	180 	36 																											
#record	37 	19 	62 	185 	37 																											
#record	38 	19 	63 	190 	38 																											
#record	39 	20 	64 	195 	39 																											
#record	40 	20 	65 	200 	40 																											
#record	41 	21 	66 	205 	41 																											
#record	42 	21 	67 	210 	42 																											
#record	43 	22 	68 	215 	43 																											
#record	44 	22 	69 	220 	44 																											
#record	45 	23 	70 	225 	45 																											
#record	46 	23 	71 	230 	46 																											
#record	47 	24 	72 	235 	47 																											
#record	48 	24 	73 	240 	48 																											
#record	49 	25 	74 	245 	49 																											
#record	50 	25 	75 	250 	50 																											
#record	51 	26 	76 	255 	51 																											
#record	52 	26 	77 	260 	52 																											
#record	53 	27 	78 	265 	53 																											
#record	54 	27 	79 	270 	54 																											
#record	55 	28 	80 	275 	55 																											
#record	56 	28 	81 	280 	56 																											
#record	57 	29 	82 	285 	57 																											
#record	58 	29 	83 	290 	58 																											
#record	59 	30 	84 	295 	59 																											
#record	60 	30 	85 	300 	60 																											
#record	61 	31 	86 	305 	61 																											
#record	62 	31 	86 	310 	62 																											
#record	63 	32 	87 	315 	63 																											
#record	64 	32 	87 	320 	64 																											
#record	65 	33 	88 	325 	65 																											
#record	66 	33 	88 	330 	66 																											
#record	67 	34 	89 	335 	67 																											
#record	68 	34 	89 	340 	68 																											
#record	69 	35 	90 	345 	69 																											
#record	70 	35 	90 	350 	70 																											
#record	71 	36 	91 	355 	71 																											
#record	72 	36 	91 	360 	72 																											
#record	73 	37 	92 	365 	73 																											
#record	74 	37 	92 	370 	74 																											
#record	75 	38 	93 	375 	75 																											
#record	76 	38 	93 	380 	76 																											
#record	77 	39 	94 	385 	77 																											
#record	78 	39 	94 	390 	78 																											
#record	79 	40 	95 	395 	79 																											
#record	80 	40 	95 	400 	80 																											
#record	81 	41 	96 	405 	81 																											
#record	82 	41 	96 	410 	82 																											
#record	83 	42 	97 	415 	83 																											
#record	84 	42 	97 	420 	84 																											
#record	85 	43 	98 	425 	85 																											
#record	86 	43 	98 	430 	86 																											
#record	87 	44 	99 	435 	87 																											
#record	88 	44 	99 	440 	88 																											
#record	89 	45 	100 	445 	89 																											
#record	90 	45 	100 	450 	90 																											
#record	91 	46 	101 	455 	91 																											
#record	92 	46 	101 	460 	92 																											
#record	93 	47 	102 	465 	93 																											
#record	94 	47 	102 	470 	94 																											
#record	95 	48 	103 	475 	95 																											
#record	96 	48 	103 	480 	96 																											
#record	97 	49 	104 	485 	97 																											
#record	98 	49 	104 	490 	98 																											
#record	99 	50 	105 	495 	99 																											
#record	100 	50 	105 	500 	100 																											
#record	101 	51 	106 	505 	101 																											
#record	102 	51 	106 	510 	102 																											
#record	103 	52 	107 	515 	103 																											
#record	104 	52 	107 	520 	104 																											
#record	105 	53 	108 	525 	105 																											
#record	106 	53 	108 	530 	106 																											
#record	107 	54 	109 	535 	107 																											
#record	108 	54 	109 	540 	108 																											
#record	109 	55 	110 	545 	109 																											
#record	110 	55 	110 	550 	110 																											
#record	111 	56 	111 	555 	111 																											
#record	112 	56 	111 	560 	112 																											
#record	113 	57 	112 	565 	113 																											
#record	114 	57 	112 	570 	114 																											
#record	115 	58 	113 	575 	115 																											
#record	116 	58 	113 	580 	116 																											
#record	117 	59 	114 	585 	117 																											
#record	118 	59 	114 	590 	118 																											
#record	119 	60 	115 	595 	119 																											
#record	120 	60 	115 	600 	120 																											
#record	121 	61 	116 	605 	121 																											
#record	122 	61 	116 	610 	122 																											
#record	123 	62 	117 	615 	123 																											
#record	124 	62 	117 	620 	124 																											
#record	125 	63 	118 	625 	125 																											
#record	126 	63 	118 	630 	126 																											
#record	127 	64 	119 	635 	127 																											
#record	128 	64 	119 	640 	128 																											
#record	129 	65 	120 	645 	129 																											
#record	130 	65 	120 	650 	130 																											
#record	131 	66 	121 	655 	131 																											
#record	132 	66 	121 	660 	132 																											
#record	133 	67 	122 	665 	133 																											
#record	134 	67 	122 	670 	134 																											
#record	135 	68 	123 	675 	135 																											
#record	136 	68 	123 	680 	136 																											
#record	137 	69 	124 	685 	137 																											
#record	138 	69 	124 	690 	138 																											
#record	139 	70 	125 	695 	139 																											
#record	140 	70 	125 	700 	140 																											
#record	141 	71 	126 	705 	141 																											
#record	142 	71 	126 	710 	142 																											
#record	143 	72 	127 	715 	143 																											
#record	144 	72 	127 	720 	144 																											
#record	145 	73 	128 	725 	145 																											
#record	146 	73 	128 	730 	146 																											
#record	147 	74 	129 	735 	147 																											
#record	148 	74 	129 	740 	148 																											
#record	149 	75 	130 	745 	149 																											
#record	150 	75 	130 	750 	150 																											
#record	151 	76 	130 	755 	151 																											
#record	152 	76 	130 	760 	152 																											
#record	153 	77 	130 	765 	153 																											
#record	154 	77 	130 	770 	154 																											
#record	155 	78 	130 	775 	155 																											
#record	156 	78 	130 	780 	156 																											
#record	157 	79 	130 	785 	157 																											
#record	158 	79 	130 	790 	158 																											
#record	159 	80 	130 	795 	159 																											
#record	160 	80 	130 	800 	160 																											
#record	161 	81 	130 	805 	161 																											
#record	162 	81 	130 	810 	162 																											
#record	163 	82 	130 	815 	163 																											
#record	164 	82 	130 	820 	164 																											
#record	165 	83 	130 	825 	165 																											
#record	166 	83 	130 	830 	166 																											
#record	167 	84 	130 	835 	167 																											
#record	168 	84 	130 	840 	168 																											
#record	169 	85 	130 	845 	169 																											
#record	170 	85 	130 	850 	170 																											
#record	171 	86 	130 	855 	171 																											
#record	172 	86 	130 	860 	172 																											
#record	173 	87 	130 	865 	173 																											
#record	174 	87 	130 	870 	174 																											
#record	175 	88 	130 	875 	175 																											
#record	176 	88 	130 	880 	176 																											
#record	177 	89 	130 	885 	177 																											
#record	178 	89 	130 	890 	178 																											
#record	179 	90 	130 	895 	179 																											
#record	180 	90 	130 	900 	180 																											
																																
#end																																
