;		Fight	Parameter																															
#ignore	\o042			; 인용부호 무시																														
#exchange	#	\x20		; # => space																														
;		2005.03.01																																
#table	Param																																	
#columntype	Dword	Dword	Dword	Dword	Dword	Dword	Dword	Dword	Dword	Dword	Dword	Dword	Dword	Dword	Dword	Dword	Dword	Dword	Dword	Dword	Dword	Dword	Dword	Dword	Dword	Dword	Dword	Dword	Dword	Word	Word	DWord	DWord	Word
#columnname	Level	Strength	Constitution	Intelligence	Wizdom	Dexterity	MentalPower	SoulHP	MAXSoulHP	PriceHPStone	SoulSP	MAXSoulSP	PriceSPStone	AtkPerAP	DmgPerAP	MaxPwrStone	NumPwrStone	PricePwrStone	PwrStoneWC	PwrStoneMA	MaxGrdStone	NumGrdStone	PriceGrdStone	GrdStoneAC	GrdStoneMR	PainRes	RestraintRes	CurseRes	ShockRes	MaxHP	MaxSP	CharTitlePt	SkillPwrPt	JobChangeDmgUp
#record	1 	5 	4 	1 	0 	3 	4 	32 	15 	3 	26 	11 	1 	0 	0 	0 	0 	0 	0 	0 	0 	0 	0 	0 	0 	0 	0 	0 	0 	46 	32 	1 	0 	1000 
#record	2 	8 	5 	2 	0 	4 	5 	36 	15 	4 	39 	12 	2 	0 	0 	0 	0 	0 	0 	0 	0 	0 	0 	0 	0 	0 	0 	0 	0 	52 	49 	1 	0 	1000 
#record	3 	10 	7 	3 	0 	6 	7 	46 	15 	5 	57 	13 	3 	0 	0 	0 	0 	0 	0 	0 	0 	0 	0 	0 	0 	0 	0 	0 	0 	66 	71 	1 	1 	1000 
#record	4 	12 	8 	4 	0 	8 	8 	54 	15 	6 	70 	14 	3 	0 	0 	0 	0 	0 	0 	0 	0 	0 	0 	0 	0 	0 	0 	0 	0 	77 	88 	1 	1 	1000 
#record	5 	14 	10 	5 	0 	10 	9 	66 	16 	7 	84 	15 	4 	0 	0 	0 	0 	0 	0 	0 	0 	0 	0 	0 	0 	0 	0 	0 	0 	94 	105 	1 	2 	1000 
#record	6 	16 	11 	7 	0 	12 	11 	75 	17 	8 	101 	17 	4 	0 	0 	0 	0 	0 	0 	0 	0 	0 	0 	0 	0 	0 	0 	0 	0 	107 	127 	2 	2 	1000 
#record	7 	18 	13 	8 	0 	14 	12 	88 	18 	9 	115 	18 	5 	0 	0 	0 	0 	0 	0 	0 	0 	0 	0 	0 	0 	0 	0 	0 	0 	126 	143 	2 	3 	1000 
#record	8 	20 	14 	9 	0 	16 	14 	98 	19 	11 	132 	20 	6 	0 	0 	0 	0 	0 	0 	0 	0 	0 	0 	0 	0 	0 	0 	0 	0 	140 	165 	2 	3 	1000 
#record	9 	23 	16 	10 	0 	18 	15 	111 	20 	12 	146 	21 	6 	0 	0 	0 	0 	0 	0 	0 	0 	0 	0 	0 	0 	0 	0 	0 	0 	158 	182 	2 	4 	1000 
#record	10 	25 	17 	11 	0 	19 	16 	121 	21 	13 	159 	22 	7 	0 	0 	0 	0 	0 	0 	0 	0 	0 	0 	0 	0 	0 	0 	0 	0 	172 	199 	2 	4 	1000 
#record	11 	27 	19 	12 	0 	21 	18 	134 	22 	14 	177 	23 	7 	0 	0 	0 	0 	0 	0 	0 	0 	0 	0 	0 	0 	0 	0 	0 	0 	191 	221 	2 	5 	1000 
#record	12 	29 	20 	13 	0 	23 	19 	143 	23 	15 	190 	24 	8 	0 	0 	0 	0 	0 	0 	0 	0 	0 	0 	0 	0 	0 	0 	0 	0 	205 	238 	3 	5 	1000 
#record	13 	31 	22 	14 	0 	25 	21 	156 	24 	16 	208 	26 	9 	0 	0 	0 	0 	0 	0 	0 	0 	0 	0 	0 	0 	0 	0 	0 	0 	223 	260 	3 	6 	1000 
#record	14 	33 	23 	15 	0 	27 	22 	166 	25 	17 	221 	27 	9 	0 	0 	0 	0 	0 	0 	0 	0 	0 	0 	0 	0 	0 	0 	0 	0 	237 	277 	3 	6 	1000 
#record	15 	35 	25 	16 	0 	29 	24 	179 	27 	18 	239 	28 	10 	0 	0 	0 	0 	0 	0 	0 	0 	0 	0 	0 	0 	0 	0 	0 	0 	256 	299 	3 	7 	1000 
#record	16 	37 	26 	17 	0 	31 	25 	188 	27 	19 	253 	30 	10 	0 	0 	0 	0 	0 	0 	0 	0 	0 	0 	0 	0 	0 	0 	0 	0 	269 	316 	3 	7 	1000 
#record	17 	40 	28 	18 	0 	33 	26 	201 	29 	20 	266 	31 	11 	0 	0 	0 	0 	0 	0 	0 	0 	0 	0 	0 	0 	0 	0 	0 	0 	287 	333 	3 	8 	1000 
#record	18 	42 	29 	19 	0 	34 	28 	210 	30 	22 	284 	32 	12 	0 	0 	0 	0 	0 	0 	0 	0 	0 	0 	0 	0 	0 	0 	0 	0 	301 	355 	4 	8 	1000 
#record	19 	44 	31 	20 	0 	36 	29 	223 	31 	23 	297 	33 	12 	0 	0 	0 	0 	0 	0 	0 	0 	0 	0 	0 	0 	0 	0 	0 	0 	319 	371 	4 	9 	1000 
#record	20 	53 	37 	24 	0 	43 	35 	275 	44 	26 	366 	35 	14 	0 	0 	0 	0 	0 	0 	0 	0 	0 	0 	0 	0 	0 	0 	0 	0 	393 	458 	4 	9 	1000 
#record	21 	56 	40 	26 	0 	44 	38 	289 	46 	29 	384 	37 	16 	0 	0 	0 	0 	0 	0 	0 	0 	0 	0 	0 	0 	0 	0 	0 	0 	412 	481 	4 	10 	1000 
#record	22 	58 	42 	28 	0 	47 	40 	301 	53 	30 	402 	39 	18 	0 	0 	0 	0 	0 	0 	0 	0 	0 	0 	0 	0 	0 	0 	0 	0 	430 	502 	4 	10 	1000 
#record	23 	61 	45 	29 	0 	48 	42 	313 	55 	31 	413 	40 	19 	0 	0 	0 	0 	0 	0 	0 	0 	0 	0 	0 	0 	0 	0 	0 	0 	447 	517 	4 	11 	1000 
#record	24 	64 	47 	31 	0 	50 	44 	324 	64 	31 	429 	42 	21 	0 	0 	0 	0 	0 	0 	0 	0 	0 	0 	0 	0 	0 	0 	0 	0 	463 	536 	4 	11 	1000 
#record	25 	67 	49 	32 	0 	51 	46 	335 	66 	34 	443 	44 	23 	0 	0 	0 	0 	0 	0 	0 	0 	0 	0 	0 	0 	0 	0 	0 	0 	478 	554 	5 	12 	1000 
#record	26 	71 	52 	34 	0 	54 	49 	345 	69 	36 	457 	45 	25 	0 	0 	0 	0 	0 	0 	0 	0 	0 	0 	0 	0 	0 	0 	0 	0 	493 	572 	5 	12 	1000 
#record	27 	75 	55 	36 	0 	56 	52 	354 	81 	39 	470 	92 	27 	0 	0 	0 	0 	0 	0 	0 	0 	0 	0 	0 	0 	0 	0 	0 	0 	506 	588 	5 	13 	1000 
#record	28 	78 	58 	38 	0 	59 	55 	366 	84 	42 	487 	95 	28 	0 	0 	0 	0 	0 	0 	0 	0 	0 	0 	0 	0 	0 	0 	0 	0 	523 	609 	5 	13 	1000 
#record	29 	82 	61 	40 	0 	61 	57 	382 	87 	44 	505 	99 	30 	0 	0 	0 	0 	0 	0 	0 	0 	0 	0 	0 	0 	0 	0 	0 	0 	545 	631 	5 	14 	1000 
#record	30 	86 	64 	41 	0 	64 	60 	397 	91 	47 	526 	102 	32 	0 	0 	0 	0 	0 	0 	0 	0 	0 	0 	0 	0 	0 	0 	0 	0 	567 	658 	5 	14 	1000 
#record	31 	90 	67 	43 	0 	66 	63 	412 	94 	50 	548 	106 	34 	0 	0 	0 	0 	0 	0 	0 	0 	0 	0 	0 	0 	0 	0 	0 	0 	589 	684 	6 	15 	1000 
#record	32 	94 	70 	45 	0 	69 	66 	428 	97 	52 	569 	110 	36 	0 	0 	0 	0 	0 	0 	0 	0 	0 	0 	0 	0 	0 	0 	0 	0 	611 	711 	6 	15 	1000 
#record	33 	98 	73 	47 	0 	71 	69 	443 	100 	55 	591 	114 	37 	0 	0 	0 	0 	0 	0 	0 	0 	0 	0 	0 	0 	0 	0 	0 	0 	633 	738 	6 	16 	1000 
#record	34 	101 	76 	49 	0 	74 	72 	458 	103 	58 	612 	118 	39 	0 	0 	0 	0 	0 	0 	0 	0 	0 	0 	0 	0 	0 	0 	0 	0 	655 	765 	6 	16 	1000 
#record	35 	105 	79 	51 	0 	76 	74 	474 	106 	60 	630 	121 	41 	0 	0 	0 	0 	0 	0 	0 	0 	0 	0 	0 	0 	0 	0 	0 	0 	677 	787 	6 	17 	1000 
#record	36 	109 	82 	53 	0 	79 	77 	489 	109 	63 	651 	125 	43 	0 	0 	0 	0 	0 	0 	0 	0 	0 	0 	0 	0 	0 	0 	0 	0 	698 	814 	6 	17 	1000 
#record	37 	113 	85 	55 	0 	81 	80 	504 	112 	66 	673 	129 	45 	0 	0 	0 	0 	0 	0 	0 	0 	0 	0 	0 	0 	0 	0 	0 	0 	720 	841 	7 	18 	1000 
#record	38 	117 	88 	57 	0 	84 	83 	519 	115 	68 	694 	132 	46 	0 	0 	0 	0 	0 	0 	0 	0 	0 	0 	0 	0 	0 	0 	0 	0 	741 	868 	7 	18 	1000 
#record	39 	121 	90 	59 	0 	86 	86 	530 	118 	71 	716 	136 	48 	0 	0 	0 	0 	0 	0 	0 	0 	0 	0 	0 	0 	0 	0 	0 	0 	758 	895 	7 	19 	1000 
#record	40 	124 	93 	61 	0 	89 	89 	545 	121 	73 	737 	140 	50 	0 	0 	0 	0 	0 	0 	0 	0 	0 	0 	0 	0 	0 	0 	0 	0 	779 	922 	7 	19 	1000 
#record	41 	128 	96 	63 	0 	91 	91 	560 	124 	76 	755 	143 	52 	0 	0 	0 	0 	0 	0 	0 	0 	0 	0 	0 	0 	0 	0 	0 	0 	800 	944 	7 	20 	1000 
#record	42 	132 	99 	64 	0 	94 	94 	575 	127 	79 	776 	147 	54 	0 	0 	0 	0 	0 	0 	0 	0 	0 	0 	0 	0 	0 	0 	0 	0 	821 	971 	7 	20 	1000 
#record	43 	136 	102 	66 	0 	96 	97 	590 	130 	81 	798 	151 	55 	0 	0 	0 	0 	0 	0 	0 	0 	0 	0 	0 	0 	0 	0 	0 	0 	842 	997 	7 	21 	1000 
#record	44 	140 	105 	68 	0 	99 	100 	604 	133 	84 	820 	155 	57 	0 	0 	0 	0 	0 	0 	0 	0 	0 	0 	0 	0 	0 	0 	0 	0 	863 	1024 	8 	21 	1000 
#record	45 	144 	108 	70 	0 	101 	103 	619 	136 	87 	841 	159 	59 	0 	0 	0 	0 	0 	0 	0 	0 	0 	0 	0 	0 	0 	0 	0 	0 	884 	1051 	8 	22 	1000 
#record	46 	148 	111 	72 	0 	104 	106 	633 	139 	89 	863 	163 	61 	0 	0 	0 	0 	0 	0 	0 	0 	0 	0 	0 	0 	0 	0 	0 	0 	905 	1078 	8 	22 	1000 
#record	47 	151 	114 	74 	0 	106 	108 	648 	142 	92 	880 	166 	63 	0 	0 	0 	0 	0 	0 	0 	0 	0 	0 	0 	0 	0 	0 	0 	0 	925 	1100 	8 	23 	1000 
#record	48 	155 	117 	76 	0 	109 	111 	662 	145 	95 	902 	170 	65 	0 	0 	0 	0 	0 	0 	0 	0 	0 	0 	0 	0 	0 	0 	0 	0 	946 	1127 	8 	23 	1000 
#record	49 	159 	120 	78 	0 	111 	114 	676 	148 	97 	923 	173 	66 	0 	0 	0 	0 	0 	0 	0 	0 	0 	0 	0 	0 	0 	0 	0 	0 	966 	1154 	8 	24 	1000 
#record	50 	163 	123 	80 	0 	114 	117 	691 	150 	100 	945 	177 	68 	0 	0 	0 	0 	0 	0 	0 	0 	0 	0 	0 	0 	0 	0 	0 	0 	986 	1181 	9 	24 	1000 
#record	51 	167 	126 	82 	0 	116 	120 	705 	153 	115 	966 	181 	80 	0 	0 	0 	0 	0 	0 	0 	0 	0 	0 	0 	0 	0 	0 	0 	0 	1007 	1208 	9 	25 	1000 
#record	52 	171 	129 	84 	0 	119 	122 	719 	156 	118 	984 	184 	82 	0 	0 	0 	0 	0 	0 	0 	0 	0 	0 	0 	0 	0 	0 	0 	0 	1027 	1230 	9 	25 	1000 
#record	53 	174 	132 	86 	0 	121 	125 	733 	159 	121 	1005 	188 	84 	0 	0 	0 	0 	0 	0 	0 	0 	0 	0 	0 	0 	0 	0 	0 	0 	1047 	1257 	9 	26 	1000 
#record	54 	178 	135 	87 	0 	124 	128 	747 	162 	124 	1027 	192 	86 	0 	0 	0 	0 	0 	0 	0 	0 	0 	0 	0 	0 	0 	0 	0 	0 	1067 	1284 	9 	26 	1000 
#record	55 	182 	138 	89 	0 	126 	131 	761 	165 	127 	1048 	196 	88 	0 	0 	0 	0 	0 	0 	0 	0 	0 	0 	0 	0 	0 	0 	0 	0 	1087 	1311 	9 	27 	1000 
#record	56 	186 	141 	91 	0 	129 	134 	775 	168 	130 	1070 	200 	90 	0 	0 	0 	0 	0 	0 	0 	0 	0 	0 	0 	0 	0 	0 	0 	0 	1107 	1337 	10 	27 	1000 
#record	57 	190 	144 	93 	0 	131 	137 	788 	170 	133 	1091 	203 	92 	0 	0 	0 	0 	0 	0 	0 	0 	0 	0 	0 	0 	0 	0 	0 	0 	1126 	1364 	10 	28 	1000 
#record	58 	194 	147 	95 	0 	134 	139 	802 	173 	136 	1109 	207 	94 	0 	0 	0 	0 	0 	0 	0 	0 	0 	0 	0 	0 	0 	0 	0 	0 	1146 	1386 	10 	28 	1000 
#record	59 	197 	150 	97 	0 	136 	142 	816 	176 	139 	1131 	210 	97 	0 	0 	0 	0 	0 	0 	0 	0 	0 	0 	0 	0 	0 	0 	0 	0 	1166 	1413 	10 	29 	1000 
#record	60 	209 	159 	103 	0 	143 	150 	916 	179 	191 	1272 	215 	137 	0 	0 	0 	0 	0 	0 	0 	0 	0 	0 	0 	0 	0 	0 	0 	0 	1308 	1590 	10 	29 	1000 
#record	61 	213 	162 	105 	0 	146 	153 	925 	183 	196 	1284 	219 	140 	0 	0 	0 	0 	0 	0 	0 	0 	0 	0 	0 	0 	0 	0 	0 	0 	1322 	1604 	10 	30 	1000 
#record	62 	217 	164 	107 	0 	149 	156 	932 	186 	201 	1299 	223 	144 	0 	0 	0 	0 	0 	0 	0 	0 	0 	0 	0 	0 	0 	0 	0 	0 	1331 	1624 	11 	30 	1000 
#record	63 	221 	167 	109 	0 	151 	158 	940 	189 	207 	1310 	227 	148 	0 	0 	0 	0 	0 	0 	0 	0 	0 	0 	0 	0 	0 	0 	0 	0 	1344 	1638 	11 	31 	1000 
#record	64 	225 	171 	111 	0 	154 	162 	949 	192 	212 	1325 	232 	152 	0 	0 	0 	0 	0 	0 	0 	0 	0 	0 	0 	0 	0 	0 	0 	0 	1356 	1657 	11 	31 	1000 
#record	65 	229 	174 	113 	0 	156 	164 	957 	196 	217 	1335 	236 	156 	0 	0 	0 	0 	0 	0 	0 	0 	0 	0 	0 	0 	0 	0 	0 	0 	1367 	1669 	11 	32 	1000 
#record	66 	233 	176 	115 	0 	158 	167 	962 	198 	223 	1349 	240 	159 	0 	0 	0 	0 	0 	0 	0 	0 	0 	0 	0 	0 	0 	0 	0 	0 	1374 	1686 	11 	32 	1000 
#record	67 	238 	180 	118 	0 	161 	171 	969 	201 	228 	1363 	245 	163 	0 	0 	0 	0 	0 	0 	0 	0 	0 	0 	0 	0 	0 	0 	0 	0 	1384 	1703 	11 	33 	1000 
#record	68 	244 	184 	120 	0 	164 	174 	976 	205 	233 	1371 	249 	167 	0 	0 	0 	0 	0 	0 	0 	0 	0 	0 	0 	0 	0 	0 	0 	0 	1394 	1714 	11 	33 	1000 
#record	69 	249 	187 	123 	0 	167 	178 	979 	207 	238 	1384 	253 	171 	0 	0 	0 	0 	0 	0 	0 	0 	0 	0 	0 	0 	0 	0 	0 	0 	1399 	1729 	12 	34 	1000 
#record	70 	254 	191 	125 	0 	170 	181 	986 	211 	244 	1391 	257 	175 	0 	0 	0 	0 	0 	0 	0 	0 	0 	0 	0 	0 	0 	0 	0 	0 	1408 	1739 	12 	34 	1000 
#record	71 	259 	195 	128 	0 	174 	185 	1001 	214 	249 	1417 	262 	178 	0 	0 	0 	0 	0 	0 	0 	0 	0 	0 	0 	0 	0 	0 	0 	0 	1430 	1771 	12 	35 	1000 
#record	72 	264 	199 	130 	0 	177 	188 	1017 	217 	254 	1438 	265 	182 	0 	0 	0 	0 	0 	0 	0 	0 	0 	0 	0 	0 	0 	0 	0 	0 	1453 	1798 	12 	35 	1000 
#record	73 	269 	202 	133 	0 	180 	192 	1030 	220 	260 	1464 	270 	186 	0 	0 	0 	0 	0 	0 	0 	0 	0 	0 	0 	0 	0 	0 	0 	0 	1471 	1830 	12 	36 	1000 
#record	74 	274 	206 	135 	0 	183 	195 	1045 	223 	265 	1486 	274 	190 	0 	0 	0 	0 	0 	0 	0 	0 	0 	0 	0 	0 	0 	0 	0 	0 	1493 	1857 	12 	36 	1000 
#record	75 	279 	210 	138 	0 	186 	199 	1061 	226 	270 	1511 	278 	193 	0 	0 	0 	0 	0 	0 	0 	0 	0 	0 	0 	0 	0 	0 	0 	0 	1515 	1889 	13 	37 	1000 
#record	76 	284 	214 	141 	0 	189 	202 	1076 	229 	275 	1533 	282 	197 	0 	0 	0 	0 	0 	0 	0 	0 	0 	0 	0 	0 	0 	0 	0 	0 	1537 	1916 	13 	37 	1000 
#record	77 	290 	217 	143 	0 	192 	206 	1088 	232 	281 	1558 	287 	201 	0 	0 	0 	0 	0 	0 	0 	0 	0 	0 	0 	0 	0 	0 	0 	0 	1555 	1948 	13 	38 	1000 
#record	78 	295 	221 	146 	0 	195 	209 	1103 	235 	286 	1580 	291 	205 	0 	0 	0 	0 	0 	0 	0 	0 	0 	0 	0 	0 	0 	0 	0 	0 	1576 	1975 	13 	38 	1000 
#record	79 	300 	225 	148 	0 	199 	213 	1119 	238 	291 	1605 	295 	209 	0 	0 	0 	0 	0 	0 	0 	0 	0 	0 	0 	0 	0 	0 	0 	0 	1598 	2007 	13 	39 	1000 
#record	80 	305 	228 	151 	0 	202 	216 	1131 	240 	297 	1627 	299 	212 	0 	0 	0 	0 	0 	0 	0 	0 	0 	0 	0 	0 	0 	0 	0 	0 	1615 	2033 	13 	39 	1000 
#record	81 	310 	232 	153 	0 	205 	220 	1146 	243 	302 	1652 	304 	216 	0 	0 	0 	0 	0 	0 	0 	0 	0 	0 	0 	0 	0 	0 	0 	0 	1637 	2065 	14 	40 	1000 
#record	82 	315 	236 	156 	0 	208 	224 	1161 	246 	307 	1678 	308 	220 	0 	0 	0 	0 	0 	0 	0 	0 	0 	0 	0 	0 	0 	0 	0 	0 	1658 	2097 	14 	40 	1000 
#record	83 	320 	240 	158 	0 	211 	227 	1175 	249 	312 	1699 	312 	224 	0 	0 	0 	0 	0 	0 	0 	0 	0 	0 	0 	0 	0 	0 	0 	0 	1679 	2124 	14 	41 	1000 
#record	84 	325 	243 	161 	0 	214 	231 	1187 	252 	318 	1725 	317 	227 	0 	0 	0 	0 	0 	0 	0 	0 	0 	0 	0 	0 	0 	0 	0 	0 	1696 	2156 	14 	41 	1000 
#record	85 	331 	247 	164 	0 	217 	234 	1202 	255 	323 	1746 	320 	231 	0 	0 	0 	0 	0 	0 	0 	0 	0 	0 	0 	0 	0 	0 	0 	0 	1717 	2183 	14 	42 	1000 
#record	86 	336 	251 	166 	0 	220 	238 	1216 	258 	328 	1772 	325 	235 	0 	0 	0 	0 	0 	0 	0 	0 	0 	0 	0 	0 	0 	0 	0 	0 	1738 	2215 	14 	42 	1000 
#record	87 	341 	255 	169 	0 	224 	241 	1231 	261 	333 	1794 	329 	239 	0 	0 	0 	0 	0 	0 	0 	0 	0 	0 	0 	0 	0 	0 	0 	0 	1758 	2242 	14 	43 	1000 
#record	88 	346 	258 	171 	0 	227 	245 	1242 	263 	339 	1819 	333 	243 	0 	0 	0 	0 	0 	0 	0 	0 	0 	0 	0 	0 	0 	0 	0 	0 	1775 	2274 	15 	43 	1000 
#record	89 	351 	262 	174 	0 	230 	248 	1257 	266 	344 	1841 	337 	246 	0 	0 	0 	0 	0 	0 	0 	0 	0 	0 	0 	0 	0 	0 	0 	0 	1795 	2301 	15 	44 	1000 
#record	90 	356 	266 	176 	0 	233 	252 	1271 	269 	349 	1866 	342 	250 	0 	0 	0 	0 	0 	0 	0 	0 	0 	0 	0 	0 	0 	0 	0 	0 	1816 	2333 	15 	44 	1000 
#record	91 	361 	269 	179 	0 	236 	255 	1282 	271 	355 	1888 	346 	254 	0 	0 	0 	0 	0 	0 	0 	0 	0 	0 	0 	0 	0 	0 	0 	0 	1832 	2360 	15 	45 	1000 
#record	92 	366 	273 	181 	0 	239 	259 	1296 	274 	360 	1913 	350 	258 	0 	0 	0 	0 	0 	0 	0 	0 	0 	0 	0 	0 	0 	0 	0 	0 	1852 	2391 	15 	45 	1000 
#record	93 	371 	277 	184 	0 	242 	262 	1310 	277 	365 	1935 	354 	262 	0 	0 	0 	0 	0 	0 	0 	0 	0 	0 	0 	0 	0 	0 	0 	0 	1872 	2418 	15 	46 	1000 
#record	94 	377 	281 	187 	0 	245 	266 	1324 	280 	370 	1960 	359 	265 	0 	0 	0 	0 	0 	0 	0 	0 	0 	0 	0 	0 	0 	0 	0 	0 	1892 	2450 	16 	46 	1000 
#record	95 	382 	284 	189 	0 	248 	269 	1335 	282 	376 	1982 	362 	269 	0 	0 	0 	0 	0 	0 	0 	0 	0 	0 	0 	0 	0 	0 	0 	0 	1908 	2477 	16 	47 	1000 
#record	96 	387 	288 	192 	0 	252 	273 	1349 	285 	381 	2007 	367 	273 	0 	0 	0 	0 	0 	0 	0 	0 	0 	0 	0 	0 	0 	0 	0 	0 	1927 	2509 	16 	47 	1000 
#record	97 	392 	292 	194 	0 	255 	277 	1363 	288 	386 	2033 	372 	277 	0 	0 	0 	0 	0 	0 	0 	0 	0 	0 	0 	0 	0 	0 	0 	0 	1947 	2541 	16 	48 	1000 
#record	98 	397 	296 	197 	0 	258 	280 	1378 	291 	392 	2054 	375 	280 	0 	0 	0 	0 	0 	0 	0 	0 	0 	0 	0 	0 	0 	0 	0 	0 	1969 	2568 	16 	48 	1000 
#record	99 	402 	299 	199 	0 	261 	284 	1391 	293 	397 	2080 	380 	284 	0 	0 	0 	0 	0 	0 	0 	0 	0 	0 	0 	0 	0 	0 	0 	0 	1988 	2600 	16 	49 	1000 
#record	100 	449 	330 	202 	0 	264 	287 	1407 	297 	402 	2333 	384 	288 	0 	0 	0 	0 	0 	0 	0 	0 	0 	0 	0 	0 	0 	0 	0 	0 	2010 	2917 	17 	49 	1100 
#record	101 	455 	334 	204 	0 	267 	291 	1422 	300 	407 	2362 	388 	292 	0 	0 	0 	0 	0 	0 	0 	0 	0 	0 	0 	0 	0 	0 	0 	0 	2032 	2952 	17 	50 	1095 
#record	102 	461 	339 	207 	0 	270 	294 	1436 	303 	413 	2385 	392 	296 	0 	0 	0 	0 	0 	0 	0 	0 	0 	0 	0 	0 	0 	0 	0 	0 	2052 	2982 	17 	50 	1090 
#record	103 	466 	343 	210 	0 	273 	298 	1453 	306 	418 	2409 	397 	299 	0 	0 	0 	0 	0 	0 	0 	0 	0 	0 	0 	0 	0 	0 	0 	0 	2076 	3011 	17 	51 	1085 
#record	104 	472 	348 	212 	0 	277 	301 	1470 	309 	423 	2433 	401 	303 	0 	0 	0 	0 	0 	0 	0 	0 	0 	0 	0 	0 	0 	0 	0 	0 	2099 	3041 	17 	51 	1080 
#record	105 	477 	352 	215 	0 	280 	305 	1486 	313 	429 	2456 	405 	307 	0 	0 	0 	0 	0 	0 	0 	0 	0 	0 	0 	0 	0 	0 	0 	0 	2123 	3071 	17 	52 	1075 
#record	106 	483 	356 	217 	0 	283 	308 	1500 	316 	434 	2480 	409 	311 	0 	0 	0 	0 	0 	0 	0 	0 	0 	0 	0 	0 	0 	0 	0 	0 	2143 	3100 	17 	52 	1070 
#record	107 	488 	361 	220 	0 	286 	312 	1517 	319 	439 	2504 	414 	315 	0 	0 	0 	0 	0 	0 	0 	0 	0 	0 	0 	0 	0 	0 	0 	0 	2167 	3130 	18 	53 	1065 
#record	108 	494 	365 	222 	0 	289 	315 	1533 	322 	444 	2528 	417 	318 	0 	0 	0 	0 	0 	0 	0 	0 	0 	0 	0 	0 	0 	0 	0 	0 	2191 	3159 	18 	53 	1060 
#record	109 	499 	370 	225 	0 	292 	319 	1550 	326 	450 	2551 	422 	322 	0 	0 	0 	0 	0 	0 	0 	0 	0 	0 	0 	0 	0 	0 	0 	0 	2214 	3189 	18 	54 	1055 
#record	110 	505 	374 	227 	0 	295 	323 	1564 	329 	455 	2575 	427 	326 	0 	0 	0 	0 	0 	0 	0 	0 	0 	0 	0 	0 	0 	0 	0 	0 	2234 	3219 	18 	54 	1050 
#record	111 	510 	378 	230 	0 	298 	326 	1581 	332 	460 	2599 	430 	330 	0 	0 	0 	0 	0 	0 	0 	0 	0 	0 	0 	0 	0 	0 	0 	0 	2258 	3248 	18 	55 	1045 
#record	112 	516 	383 	233 	0 	302 	330 	1597 	335 	465 	2627 	435 	333 	0 	0 	0 	0 	0 	0 	0 	0 	0 	0 	0 	0 	0 	0 	0 	0 	2282 	3283 	18 	55 	1040 
#record	113 	521 	387 	235 	0 	305 	333 	1614 	339 	471 	2650 	439 	337 	0 	0 	0 	0 	0 	0 	0 	0 	0 	0 	0 	0 	0 	0 	0 	0 	2305 	3313 	19 	56 	1035 
#record	114 	527 	391 	238 	0 	308 	337 	1628 	342 	476 	2678 	443 	341 	0 	0 	0 	0 	0 	0 	0 	0 	0 	0 	0 	0 	0 	0 	0 	0 	2325 	3348 	19 	56 	1030 
#record	115 	532 	395 	240 	0 	311 	340 	1644 	345 	481 	2702 	447 	345 	0 	0 	0 	0 	0 	0 	0 	0 	0 	0 	0 	0 	0 	0 	0 	0 	2349 	3378 	19 	57 	1025 
#record	116 	537 	397 	244 	0 	314 	345 	1661 	348 	487 	2730 	452 	349 	0 	0 	0 	0 	0 	0 	0 	0 	0 	0 	0 	0 	0 	0 	0 	0 	2372 	3413 	19 	57 	1025 
#record	117 	543 	401 	248 	0 	318 	348 	1675 	351 	492 	2754 	456 	352 	0 	0 	0 	0 	0 	0 	0 	0 	0 	0 	0 	0 	0 	0 	0 	0 	2395 	3446 	19 	58 	1025 
#record	118 	549 	406 	253 	0 	322 	352 	1692 	355 	497 	2782 	460 	356 	0 	0 	0 	0 	0 	0 	0 	0 	0 	0 	0 	0 	0 	0 	0 	0 	2417 	3480 	19 	58 	1025 
#record	119 	555 	410 	257 	0 	326 	356 	1708 	358 	502 	2806 	464 	360 	0 	0 	0 	0 	0 	0 	0 	0 	0 	0 	0 	0 	0 	0 	0 	0 	2440 	3514 	20 	59 	1025 
#record	120 	562 	414 	261 	0 	330 	360 	1725 	362 	508 	2834 	469 	364 	0 	0 	0 	0 	0 	0 	0 	0 	0 	0 	0 	0 	0 	0 	0 	0 	2462 	3547 	20 	60 	1000 
#record	121 	568 	419 	265 	0 	334 	364 	1739 	367 	513 	2857 	474 	367 	0 	0 	0 	0 	0 	0 	0 	0 	0 	0 	0 	0 	0 	0 	0 	0 	2485 	3579 	20 	60 	1000 
#record	122 	574 	423 	269 	0 	338 	368 	1755 	372 	518 	2886 	479 	371 	0 	0 	0 	0 	0 	0 	0 	0 	0 	0 	0 	0 	0 	0 	0 	0 	2507 	3613 	20 	61 	1000 
#record	123 	580 	428 	273 	0 	341 	372 	1772 	377 	524 	2909 	484 	375 	0 	0 	0 	0 	0 	0 	0 	0 	0 	0 	0 	0 	0 	0 	0 	0 	2530 	3646 	20 	61 	1000 
#record	124 	587 	432 	277 	0 	345 	376 	1789 	382 	529 	2937 	489 	379 	0 	0 	0 	0 	0 	0 	0 	0 	0 	0 	0 	0 	0 	0 	0 	0 	2552 	3680 	20 	62 	1000 
#record	125 	593 	436 	281 	0 	349 	380 	1803 	387 	534 	2965 	494 	383 	0 	0 	0 	0 	0 	0 	0 	0 	0 	0 	0 	0 	0 	0 	0 	0 	2575 	3714 	21 	62 	1000 
#record	126 	599 	441 	285 	0 	353 	384 	1819 	392 	539 	2989 	499 	386 	0 	0 	0 	0 	0 	0 	0 	0 	0 	0 	0 	0 	0 	0 	0 	0 	2597 	3747 	21 	63 	1000 
#record	127 	605 	445 	289 	0 	357 	388 	1836 	397 	545 	3017 	504 	390 	0 	0 	0 	0 	0 	0 	0 	0 	0 	0 	0 	0 	0 	0 	0 	0 	2620 	3781 	21 	63 	1000 
#record	128 	611 	450 	293 	0 	361 	392 	1850 	402 	550 	3041 	509 	394 	0 	0 	0 	0 	0 	0 	0 	0 	0 	0 	0 	0 	0 	0 	0 	0 	2642 	3814 	21 	64 	1000 
#record	129 	618 	454 	297 	0 	365 	396 	1866 	407 	555 	3069 	514 	398 	0 	0 	0 	0 	0 	0 	0 	0 	0 	0 	0 	0 	0 	0 	0 	0 	2665 	3848 	21 	64 	1000 
#record	130 	624 	459 	301 	0 	369 	400 	1883 	412 	561 	3093 	519 	402 	0 	0 	0 	0 	0 	0 	0 	0 	0 	0 	0 	0 	0 	0 	0 	0 	2687 	3882 	21 	65 	1000 
#record	131 	630 	464 	305 	0 	372 	404 	1900 	417 	566 	3121 	524 	405 	0 	0 	0 	0 	0 	0 	0 	0 	0 	0 	0 	0 	0 	0 	0 	0 	2710 	3914 	21 	65 	1000 
#record	132 	636 	467 	309 	0 	376 	408 	1914 	422 	571 	3144 	529 	409 	0 	0 	0 	0 	0 	0 	0 	0 	0 	0 	0 	0 	0 	0 	0 	0 	2732 	3947 	22 	66 	1000 
#record	133 	643 	472 	313 	0 	380 	412 	1930 	427 	576 	3173 	534 	413 	0 	0 	0 	0 	0 	0 	0 	0 	0 	0 	0 	0 	0 	0 	0 	0 	2755 	3981 	22 	66 	1000 
#record	134 	649 	477 	317 	0 	384 	416 	1947 	432 	582 	3196 	539 	417 	0 	0 	0 	0 	0 	0 	0 	0 	0 	0 	0 	0 	0 	0 	0 	0 	2777 	4014 	22 	67 	1000 
#record	135 	655 	481 	321 	0 	388 	420 	1963 	437 	587 	3224 	544 	420 	0 	0 	0 	0 	0 	0 	0 	0 	0 	0 	0 	0 	0 	0 	0 	0 	2800 	4048 	22 	67 	1000 
#record	136 	661 	486 	325 	0 	392 	424 	1977 	442 	592 	3248 	549 	424 	0 	0 	0 	0 	0 	0 	0 	0 	0 	0 	0 	0 	0 	0 	0 	0 	2822 	4082 	22 	68 	1000 
#record	137 	668 	490 	329 	0 	396 	428 	1994 	447 	597 	3276 	554 	428 	0 	0 	0 	0 	0 	0 	0 	0 	0 	0 	0 	0 	0 	0 	0 	0 	2845 	4115 	22 	68 	1000 
#record	138 	674 	495 	333 	0 	400 	432 	2011 	452 	603 	3300 	559 	432 	0 	0 	0 	0 	0 	0 	0 	0 	0 	0 	0 	0 	0 	0 	0 	0 	2867 	4149 	23 	69 	1000 
#record	139 	680 	499 	337 	0 	404 	436 	2025 	457 	608 	3328 	564 	436 	0 	0 	0 	0 	0 	0 	0 	0 	0 	0 	0 	0 	0 	0 	0 	0 	2890 	4182 	23 	69 	1000 
#record	140 	686 	503 	341 	0 	407 	440 	2041 	462 	613 	3356 	569 	439 	0 	0 	0 	0 	0 	0 	0 	0 	0 	0 	0 	0 	0 	0 	0 	0 	2912 	4216 	23 	70 	1000 
#record	141 	692 	508 	345 	0 	411 	444 	2058 	467 	619 	3380 	574 	443 	0 	0 	0 	0 	0 	0 	0 	0 	0 	0 	0 	0 	0 	0 	0 	0 	2935 	4248 	23 	70 	1000 
#record	142 	699 	512 	349 	0 	415 	447 	2074 	472 	624 	3408 	579 	447 	0 	0 	0 	0 	0 	0 	0 	0 	0 	0 	0 	0 	0 	0 	0 	0 	2957 	4282 	23 	71 	1000 
#record	143 	705 	517 	354 	0 	419 	451 	2088 	477 	629 	3431 	584 	451 	0 	0 	0 	0 	0 	0 	0 	0 	0 	0 	0 	0 	0 	0 	0 	0 	2980 	4315 	23 	71 	1000 
#record	144 	711 	521 	358 	0 	423 	455 	2105 	482 	634 	3459 	589 	455 	0 	0 	0 	0 	0 	0 	0 	0 	0 	0 	0 	0 	0 	0 	0 	0 	3002 	4349 	24 	72 	1000 
#record	145 	717 	525 	362 	0 	427 	459 	2122 	487 	640 	3483 	594 	458 	0 	0 	0 	0 	0 	0 	0 	0 	0 	0 	0 	0 	0 	0 	0 	0 	3025 	4382 	24 	72 	1000 
#record	146 	724 	530 	366 	0 	431 	463 	2138 	492 	645 	3511 	599 	462 	0 	0 	0 	0 	0 	0 	0 	0 	0 	0 	0 	0 	0 	0 	0 	0 	3047 	4416 	24 	73 	1000 
#record	147 	730 	534 	370 	0 	435 	467 	2152 	497 	650 	3535 	604 	466 	0 	0 	0 	0 	0 	0 	0 	0 	0 	0 	0 	0 	0 	0 	0 	0 	3070 	4450 	24 	73 	1000 
#record	148 	736 	539 	374 	0 	438 	471 	2169 	502 	656 	3563 	609 	470 	0 	0 	0 	0 	0 	0 	0 	0 	0 	0 	0 	0 	0 	0 	0 	0 	3093 	4483 	24 	74 	1000 
#record	149 	742 	543 	378 	0 	442 	475 	2185 	507 	661 	3587 	614 	473 	0 	0 	0 	0 	0 	0 	0 	0 	0 	0 	0 	0 	0 	0 	0 	0 	3115 	4517 	24 	74 	1000 
#record	150 	748 	548 	382 	0 	446 	479 	2199 	512 	666 	3615 	619 	477 	0 	0 	0 	0 	0 	0 	0 	0 	0 	0 	0 	0 	0 	0 	0 	0 	3137 	4550 	24 	75 	1000 
																																		
#end																																		
