;		Fight	Parameter																																
#ignore	\o042			; 인용부호 무시																															
#exchange	#	\x20		; # => space																															
;		2005.03.01																																	
#table	Param																																		
#columntype	Dword	Dword	Dword	Dword	Dword	Dword	Dword	Dword	Dword	Dword	Dword	Dword	Dword	Dword	Dword	Dword	Dword	Dword	Dword	Dword	Dword	Dword	Dword	Dword	Dword	Dword	Dword	Dword	Dword	Word	Word	DWord	DWord	Word	
#columnname	Level	Strength	Constitution	Intelligence	Wizdom	Dexterity	MentalPower	SoulHP	MAXSoulHP	PriceHPStone	SoulSP	MAXSoulSP	PriceSPStone	AtkPerAP	DmgPerAP	MaxPwrStone	NumPwrStone	PricePwrStone	PwrStoneWC	PwrStoneMA	MaxGrdStone	NumGrdStone	PriceGrdStone	GrdStoneAC	GrdStoneMR	PainRes	RestraintRes	CurseRes	ShockRes	MaxHP	MaxSP	CharTitlePt	SkillPwrPt	JobChangeDmgUp	
#record	1 	5 	5 	1 	0 	5 	5 	34 	13 	3 	17 	10 	1 	0 	0 	0 	0 	0 	0 	0 	0 	0 	0 	0 	0 	0 	0 	0 	0 	48 	21 	1 	0 	1000 	
#record	2 	7 	6 	1 	1 	7 	6 	46 	17 	4 	30 	11 	2 	0 	0 	0 	0 	0 	0 	0 	0 	0 	0 	0 	0 	0 	0 	0 	0 	66 	37 	1 	0 	1000 	
#record	3 	9 	8 	2 	2 	9 	8 	60 	18 	6 	42 	12 	2 	0 	0 	0 	0 	0 	0 	0 	0 	0 	0 	0 	0 	0 	0 	0 	0 	85 	52 	1 	1 	1000 	
#record	4 	12 	10 	3 	3 	11 	9 	72 	20 	7 	54 	13 	3 	0 	0 	0 	0 	0 	0 	0 	0 	0 	0 	0 	0 	0 	0 	0 	0 	103 	68 	1 	1 	1000 	
#record	5 	15 	12 	4 	4 	14 	11 	85 	20 	8 	66 	14 	4 	0 	0 	0 	0 	0 	0 	0 	0 	0 	0 	0 	0 	0 	0 	0 	0 	122 	83 	1 	2 	1000 	
#record	6 	18 	14 	4 	5 	17 	13 	98 	21 	9 	79 	15 	4 	0 	0 	0 	0 	0 	0 	0 	0 	0 	0 	0 	0 	0 	0 	0 	0 	140 	99 	2 	2 	1000 	
#record	7 	21 	16 	5 	6 	20 	14 	111 	22 	11 	91 	16 	5 	0 	0 	0 	0 	0 	0 	0 	0 	0 	0 	0 	0 	0 	0 	0 	0 	159 	114 	2 	3 	1000 	
#record	8 	24 	17 	6 	7 	23 	16 	124 	23 	12 	104 	17 	5 	0 	0 	0 	0 	0 	0 	0 	0 	0 	0 	0 	0 	0 	0 	0 	0 	177 	130 	2 	3 	1000 	
#record	9 	27 	19 	7 	8 	26 	17 	137 	24 	13 	116 	18 	6 	0 	0 	0 	0 	0 	0 	0 	0 	0 	0 	0 	0 	0 	0 	0 	0 	196 	145 	2 	4 	1000 	
#record	10 	30 	20 	8 	9 	30 	18 	150 	26 	14 	129 	19 	7 	0 	0 	0 	0 	0 	0 	0 	0 	0 	0 	0 	0 	0 	0 	0 	0 	214 	161 	2 	4 	1000 	
#record	11 	32 	22 	9 	10 	32 	20 	163 	27 	16 	141 	20 	7 	0 	0 	0 	0 	0 	0 	0 	0 	0 	0 	0 	0 	0 	0 	0 	0 	233 	176 	2 	5 	1000 	
#record	12 	35 	24 	9 	11 	35 	22 	176 	28 	17 	154 	21 	8 	0 	0 	0 	0 	0 	0 	0 	0 	0 	0 	0 	0 	0 	0 	0 	0 	251 	192 	3 	5 	1000 	
#record	13 	38 	26 	10 	12 	38 	23 	189 	29 	18 	166 	22 	9 	0 	0 	0 	0 	0 	0 	0 	0 	0 	0 	0 	0 	0 	0 	0 	0 	270 	207 	3 	6 	1000 	
#record	14 	41 	27 	11 	13 	40 	25 	202 	30 	19 	178 	23 	9 	0 	0 	0 	0 	0 	0 	0 	0 	0 	0 	0 	0 	0 	0 	0 	0 	288 	223 	3 	6 	1000 	
#record	15 	44 	29 	11 	14 	42 	27 	215 	32 	21 	190 	24 	10 	0 	0 	0 	0 	0 	0 	0 	0 	0 	0 	0 	0 	0 	0 	0 	0 	307 	238 	3 	7 	1000 	
#record	16 	46 	30 	12 	15 	45 	28 	228 	33 	22 	203 	25 	10 	0 	0 	0 	0 	0 	0 	0 	0 	0 	0 	0 	0 	0 	0 	0 	0 	325 	254 	3 	7 	1000 	
#record	17 	48 	32 	13 	16 	48 	29 	241 	34 	23 	215 	26 	11 	0 	0 	0 	0 	0 	0 	0 	0 	0 	0 	0 	0 	0 	0 	0 	0 	344 	269 	3 	8 	1000 	
#record	18 	51 	34 	13 	17 	50 	31 	253 	35 	24 	228 	27 	12 	0 	0 	0 	0 	0 	0 	0 	0 	0 	0 	0 	0 	0 	0 	0 	0 	362 	285 	4 	8 	1000 	
#record	19 	54 	36 	14 	18 	53 	33 	267 	36 	26 	240 	28 	12 	0 	0 	0 	0 	0 	0 	0 	0 	0 	0 	0 	0 	0 	0 	0 	0 	381 	300 	4 	9 	1000 	
#record	20 	67 	42 	15 	19 	56 	40 	321 	51 	27 	291 	29 	13 	0 	0 	0 	0 	0 	0 	0 	0 	0 	0 	0 	0 	0 	0 	0 	0 	459 	363 	4 	9 	2000 	
#record	21 	70 	45 	16 	20 	59 	43 	335 	53 	31 	303 	33 	16 	0 	0 	0 	0 	0 	0 	0 	0 	0 	0 	0 	0 	0 	0 	0 	0 	479 	378 	4 	10 	1970 	
#record	22 	74 	48 	18 	21 	63 	45 	349 	60 	36 	314 	36 	19 	0 	0 	0 	0 	0 	0 	0 	0 	0 	0 	0 	0 	0 	0 	0 	0 	498 	392 	4 	10 	1940 	
#record	23 	77 	50 	19 	22 	66 	47 	362 	63 	40 	326 	40 	21 	0 	0 	0 	0 	0 	0 	0 	0 	0 	0 	0 	0 	0 	0 	0 	0 	518 	407 	4 	11 	1910 	
#record	24 	81 	53 	21 	23 	70 	49 	376 	74 	44 	338 	43 	24 	0 	0 	0 	0 	0 	0 	0 	0 	0 	0 	0 	0 	0 	0 	0 	0 	537 	422 	4 	11 	1880 	
#record	25 	84 	56 	22 	24 	73 	52 	390 	77 	48 	349 	47 	27 	0 	0 	0 	0 	0 	0 	0 	0 	0 	0 	0 	0 	0 	0 	0 	0 	557 	436 	5 	12 	1850 	
#record	26 	87 	59 	24 	25 	77 	55 	404 	80 	53 	361 	50 	30 	0 	0 	0 	0 	0 	0 	0 	0 	0 	0 	0 	0 	0 	0 	0 	0 	576 	451 	5 	12 	1820 	
#record	27 	91 	62 	25 	26 	80 	58 	417 	94 	57 	372 	54 	32 	0 	0 	0 	0 	0 	0 	0 	0 	0 	0 	0 	0 	0 	0 	0 	0 	596 	465 	5 	13 	1790 	
#record	28 	94 	65 	27 	27 	84 	61 	431 	99 	61 	384 	57 	35 	0 	0 	0 	0 	0 	0 	0 	0 	0 	0 	0 	0 	0 	0 	0 	0 	615 	480 	5 	13 	1760 	
#record	29 	99 	69 	28 	28 	87 	64 	449 	102 	65 	401 	61 	38 	0 	0 	0 	0 	0 	0 	0 	0 	0 	0 	0 	0 	0 	0 	0 	0 	642 	501 	5 	14 	1730 	
#record	30 	104 	72 	30 	29 	91 	67 	468 	106 	70 	418 	65 	41 	0 	0 	0 	0 	0 	0 	0 	0 	0 	0 	0 	0 	0 	0 	0 	0 	669 	522 	5 	14 	1700 	
#record	31 	108 	75 	31 	30 	94 	70 	487 	110 	74 	434 	68 	43 	0 	0 	0 	0 	0 	0 	0 	0 	0 	0 	0 	0 	0 	0 	0 	0 	695 	542 	6 	15 	1670 	
#record	32 	113 	79 	33 	31 	98 	73 	505 	113 	78 	450 	72 	46 	0 	0 	0 	0 	0 	0 	0 	0 	0 	0 	0 	0 	0 	0 	0 	0 	722 	563 	6 	15 	1640 	
#record	33 	117 	82 	34 	32 	101 	76 	524 	117 	83 	466 	75 	49 	0 	0 	0 	0 	0 	0 	0 	0 	0 	0 	0 	0 	0 	0 	0 	0 	749 	583 	6 	16 	1610 	
#record	34 	121 	85 	36 	33 	105 	80 	543 	121 	87 	483 	79 	52 	0 	0 	0 	0 	0 	0 	0 	0 	0 	0 	0 	0 	0 	0 	0 	0 	776 	604 	6 	16 	1580 	
#record	35 	126 	89 	37 	34 	108 	82 	562 	126 	91 	499 	82 	54 	0 	0 	0 	0 	0 	0 	0 	0 	0 	0 	0 	0 	0 	0 	0 	0 	803 	624 	6 	17 	1550 	
#record	36 	130 	92 	39 	35 	112 	85 	581 	129 	95 	516 	86 	57 	0 	0 	0 	0 	0 	0 	0 	0 	0 	0 	0 	0 	0 	0 	0 	0 	830 	645 	6 	17 	1520 	
#record	37 	134 	95 	40 	36 	115 	89 	600 	133 	100 	532 	89 	60 	0 	0 	0 	0 	0 	0 	0 	0 	0 	0 	0 	0 	0 	0 	0 	0 	857 	665 	7 	18 	1500 	
#record	38 	139 	99 	42 	37 	119 	92 	619 	136 	104 	549 	93 	63 	0 	0 	0 	0 	0 	0 	0 	0 	0 	0 	0 	0 	0 	0 	0 	0 	884 	686 	7 	18 	1480 	
#record	39 	143 	102 	43 	38 	122 	95 	638 	140 	108 	565 	96 	65 	0 	0 	0 	0 	0 	0 	0 	0 	0 	0 	0 	0 	0 	0 	0 	0 	911 	706 	7 	19 	1460 	
#record	40 	148 	105 	45 	39 	126 	98 	657 	145 	113 	582 	100 	68 	0 	0 	0 	0 	0 	0 	0 	0 	0 	0 	0 	0 	0 	0 	0 	0 	938 	727 	7 	19 	1440 	
#record	41 	152 	108 	46 	40 	129 	101 	676 	149 	117 	598 	104 	71 	0 	0 	0 	0 	0 	0 	0 	0 	0 	0 	0 	0 	0 	0 	0 	0 	965 	748 	7 	20 	1420 	
#record	42 	157 	112 	47 	41 	132 	104 	694 	152 	121 	614 	107 	74 	0 	0 	0 	0 	0 	0 	0 	0 	0 	0 	0 	0 	0 	0 	0 	0 	992 	768 	7 	20 	1400 	
#record	43 	162 	115 	49 	42 	136 	107 	713 	156 	125 	631 	111 	76 	0 	0 	0 	0 	0 	0 	0 	0 	0 	0 	0 	0 	0 	0 	0 	0 	1019 	789 	7 	21 	1380 	
#record	44 	166 	118 	50 	43 	139 	110 	732 	160 	130 	647 	114 	79 	0 	0 	0 	0 	0 	0 	0 	0 	0 	0 	0 	0 	0 	0 	0 	0 	1046 	809 	8 	21 	1360 	
#record	45 	171 	121 	52 	44 	143 	113 	751 	163 	134 	664 	118 	82 	0 	0 	0 	0 	0 	0 	0 	0 	0 	0 	0 	0 	0 	0 	0 	0 	1073 	830 	8 	22 	1340 	
#record	46 	176 	125 	53 	45 	146 	117 	770 	168 	138 	680 	121 	85 	0 	0 	0 	0 	0 	0 	0 	0 	0 	0 	0 	0 	0 	0 	0 	0 	1100 	850 	8 	22 	1320 	
#record	47 	180 	128 	55 	46 	150 	119 	789 	172 	142 	697 	125 	87 	0 	0 	0 	0 	0 	0 	0 	0 	0 	0 	0 	0 	0 	0 	0 	0 	1127 	871 	8 	23 	1310 	
#record	48 	185 	131 	56 	47 	153 	122 	808 	175 	147 	713 	128 	90 	0 	0 	0 	0 	0 	0 	0 	0 	0 	0 	0 	0 	0 	0 	0 	0 	1154 	891 	8 	23 	1300 	
#record	49 	189 	135 	58 	48 	157 	126 	827 	179 	151 	730 	132 	93 	0 	0 	0 	0 	0 	0 	0 	0 	0 	0 	0 	0 	0 	0 	0 	0 	1181 	912 	8 	24 	1290 	
#record	50 	194 	138 	59 	49 	160 	129 	846 	183 	155 	746 	136 	96 	0 	0 	0 	0 	0 	0 	0 	0 	0 	0 	0 	0 	0 	0 	0 	0 	1208 	932 	9 	24 	1280 	
#record	51 	198 	141 	61 	50 	164 	132 	864 	186 	160 	762 	139 	98 	0 	0 	0 	0 	0 	0 	0 	0 	0 	0 	0 	0 	0 	0 	0 	0 	1234 	953 	9 	25 	1270 	
#record	52 	203 	145 	62 	51 	167 	135 	883 	191 	164 	779 	143 	101 	0 	0 	0 	0 	0 	0 	0 	0 	0 	0 	0 	0 	0 	0 	0 	0 	1261 	974 	9 	25 	1260 	
#record	53 	208 	148 	64 	52 	171 	138 	902 	195 	168 	795 	146 	104 	0 	0 	0 	0 	0 	0 	0 	0 	0 	0 	0 	0 	0 	0 	0 	0 	1288 	994 	9 	26 	1250 	
#record	54 	212 	151 	65 	53 	174 	141 	921 	198 	172 	812 	150 	107 	0 	0 	0 	0 	0 	0 	0 	0 	0 	0 	0 	0 	0 	0 	0 	0 	1315 	1015 	9 	26 	1240 	
#record	55 	217 	155 	67 	54 	178 	144 	939 	202 	177 	828 	153 	109 	0 	0 	0 	0 	0 	0 	0 	0 	0 	0 	0 	0 	0 	0 	0 	0 	1342 	1035 	9 	27 	1230 	
#record	56 	222 	158 	68 	55 	181 	147 	958 	206 	181 	845 	157 	112 	0 	0 	0 	0 	0 	0 	0 	0 	0 	0 	0 	0 	0 	0 	0 	0 	1369 	1056 	10 	27 	1220 	
#record	57 	226 	161 	70 	56 	185 	150 	977 	209 	185 	861 	160 	115 	0 	0 	0 	0 	0 	0 	0 	0 	0 	0 	0 	0 	0 	0 	0 	0 	1396 	1076 	10 	28 	1210 	
#record	58 	230 	165 	71 	57 	188 	153 	996 	214 	189 	878 	164 	118 	0 	0 	0 	0 	0 	0 	0 	0 	0 	0 	0 	0 	0 	0 	0 	0 	1423 	1097 	10 	28 	1200 	
#record	59 	235 	168 	73 	58 	192 	156 	1015 	218 	194 	894 	167 	120 	0 	0 	0 	0 	0 	0 	0 	0 	0 	0 	0 	0 	0 	0 	0 	0 	1450 	1117 	10 	29 	1190 	
#record	60 	240 	184 	74 	59 	195 	171 	1034 	221 	198 	910 	171 	123 	0 	0 	0 	0 	0 	0 	0 	0 	0 	0 	0 	0 	0 	0 	0 	0 	1477 	1138 	10 	29 	1000 	
#record	61 	246 	187 	76 	60 	199 	173 	1056 	226 	203 	930 	174 	126 	0 	0 	0 	0 	0 	0 	0 	0 	0 	0 	0 	0 	0 	0 	0 	0 	1508 	1162 	10 	30 	1000 	
#record	62 	252 	189 	78 	61 	204 	176 	1077 	230 	209 	949 	178 	130 	0 	0 	0 	0 	0 	0 	0 	0 	0 	0 	0 	0 	0 	0 	0 	0 	1539 	1186 	11 	30 	1000 	
#record	63 	258 	192 	80 	62 	208 	178 	1098 	235 	214 	967 	181 	133 	0 	0 	0 	0 	0 	0 	0 	0 	0 	0 	0 	0 	0 	0 	0 	0 	1569 	1209 	11 	31 	1000 	
#record	64 	264 	194 	81 	63 	213 	181 	1120 	239 	220 	986 	185 	137 	0 	0 	0 	0 	0 	0 	0 	0 	0 	0 	0 	0 	0 	0 	0 	0 	1600 	1233 	11 	31 	1000 	
#record	65 	270 	197 	83 	64 	217 	183 	1142 	244 	225 	1006 	188 	140 	0 	0 	0 	0 	0 	0 	0 	0 	0 	0 	0 	0 	0 	0 	0 	0 	1631 	1257 	11 	32 	1000 	
#record	66 	276 	198 	85 	65 	222 	185 	1163 	248 	230 	1025 	191 	143 	0 	0 	0 	0 	0 	0 	0 	0 	0 	0 	0 	0 	0 	0 	0 	0 	1662 	1281 	11 	32 	1000 	
#record	67 	282 	201 	87 	66 	226 	187 	1185 	253 	236 	1043 	195 	147 	0 	0 	0 	0 	0 	0 	0 	0 	0 	0 	0 	0 	0 	0 	0 	0 	1693 	1304 	11 	33 	1000 	
#record	68 	288 	206 	89 	67 	231 	191 	1206 	256 	241 	1062 	198 	150 	0 	0 	0 	0 	0 	0 	0 	0 	0 	0 	0 	0 	0 	0 	0 	0 	1723 	1328 	11 	33 	1000 	
#record	69 	294 	209 	91 	68 	235 	195 	1228 	262 	246 	1082 	202 	154 	0 	0 	0 	0 	0 	0 	0 	0 	0 	0 	0 	0 	0 	0 	0 	0 	1754 	1352 	12 	34 	1000 	
#record	70 	300 	214 	92 	69 	240 	199 	1250 	265 	252 	1101 	205 	157 	0 	0 	0 	0 	0 	0 	0 	0 	0 	0 	0 	0 	0 	0 	0 	0 	1785 	1376 	12 	34 	1000 	
#record	71 	306 	218 	94 	70 	244 	203 	1271 	269 	257 	1119 	208 	160 	0 	0 	0 	0 	0 	0 	0 	0 	0 	0 	0 	0 	0 	0 	0 	0 	1816 	1399 	12 	35 	1000 	
#record	72 	312 	222 	96 	71 	249 	206 	1293 	274 	263 	1138 	212 	164 	0 	0 	0 	0 	0 	0 	0 	0 	0 	0 	0 	0 	0 	0 	0 	0 	1847 	1423 	12 	35 	1000 	
#record	73 	318 	226 	98 	72 	253 	210 	1314 	278 	268 	1158 	215 	167 	0 	0 	0 	0 	0 	0 	0 	0 	0 	0 	0 	0 	0 	0 	0 	0 	1877 	1447 	12 	36 	1000 	
#record	74 	324 	230 	100 	73 	258 	214 	1336 	283 	273 	1177 	219 	171 	0 	0 	0 	0 	0 	0 	0 	0 	0 	0 	0 	0 	0 	0 	0 	0 	1908 	1471 	12 	36 	1000 	
#record	75 	330 	235 	102 	74 	262 	218 	1357 	287 	279 	1195 	222 	174 	0 	0 	0 	0 	0 	0 	0 	0 	0 	0 	0 	0 	0 	0 	0 	0 	1939 	1494 	13 	37 	1000 	
#record	76 	336 	239 	104 	75 	267 	221 	1379 	292 	284 	1214 	225 	177 	0 	0 	0 	0 	0 	0 	0 	0 	0 	0 	0 	0 	0 	0 	0 	0 	1970 	1518 	13 	37 	1000 	
#record	77 	342 	243 	105 	76 	271 	226 	1401 	296 	289 	1234 	229 	181 	0 	0 	0 	0 	0 	0 	0 	0 	0 	0 	0 	0 	0 	0 	0 	0 	2001 	1542 	13 	38 	1000 	
#record	78 	348 	247 	107 	77 	276 	229 	1422 	301 	295 	1253 	232 	184 	0 	0 	0 	0 	0 	0 	0 	0 	0 	0 	0 	0 	0 	0 	0 	0 	2031 	1566 	13 	38 	1000 	
#record	79 	354 	251 	109 	78 	280 	233 	1443 	305 	300 	1271 	236 	188 	0 	0 	0 	0 	0 	0 	0 	0 	0 	0 	0 	0 	0 	0 	0 	0 	2062 	1589 	13 	39 	1000 	
#record	80 	360 	255 	111 	79 	285 	237 	1465 	310 	306 	1290 	239 	191 	0 	0 	0 	0 	0 	0 	0 	0 	0 	0 	0 	0 	0 	0 	0 	0 	2093 	1613 	13 	39 	1000 	
#record	81 	366 	259 	113 	80 	289 	241 	1487 	314 	311 	1310 	242 	194 	0 	0 	0 	0 	0 	0 	0 	0 	0 	0 	0 	0 	0 	0 	0 	0 	2124 	1637 	14 	40 	1000 	
#record	82 	372 	263 	115 	81 	293 	245 	1509 	318 	316 	1329 	246 	198 	0 	0 	0 	0 	0 	0 	0 	0 	0 	0 	0 	0 	0 	0 	0 	0 	2155 	1661 	14 	40 	1000 	
#record	83 	378 	268 	117 	82 	298 	249 	1530 	322 	322 	1347 	249 	201 	0 	0 	0 	0 	0 	0 	0 	0 	0 	0 	0 	0 	0 	0 	0 	0 	2185 	1684 	14 	41 	1000 	
#record	84 	384 	272 	118 	83 	302 	253 	1551 	327 	327 	1366 	253 	205 	0 	0 	0 	0 	0 	0 	0 	0 	0 	0 	0 	0 	0 	0 	0 	0 	2216 	1708 	14 	41 	1000 	
#record	85 	390 	276 	120 	84 	307 	256 	1573 	331 	332 	1386 	256 	208 	0 	0 	0 	0 	0 	0 	0 	0 	0 	0 	0 	0 	0 	0 	0 	0 	2247 	1732 	14 	42 	1000 	
#record	86 	396 	280 	122 	85 	311 	260 	1595 	336 	338 	1405 	259 	211 	0 	0 	0 	0 	0 	0 	0 	0 	0 	0 	0 	0 	0 	0 	0 	0 	2278 	1756 	14 	42 	1000 	
#record	87 	402 	284 	124 	86 	316 	264 	1616 	340 	343 	1423 	263 	215 	0 	0 	0 	0 	0 	0 	0 	0 	0 	0 	0 	0 	0 	0 	0 	0 	2309 	1779 	14 	43 	1000 	
#record	88 	408 	288 	126 	87 	320 	268 	1637 	345 	349 	1442 	266 	218 	0 	0 	0 	0 	0 	0 	0 	0 	0 	0 	0 	0 	0 	0 	0 	0 	2339 	1803 	15 	43 	1000 	
#record	89 	414 	292 	128 	88 	325 	272 	1659 	349 	354 	1462 	270 	222 	0 	0 	0 	0 	0 	0 	0 	0 	0 	0 	0 	0 	0 	0 	0 	0 	2370 	1827 	15 	44 	1000 	
#record	90 	420 	297 	130 	89 	329 	276 	1681 	354 	359 	1481 	273 	225 	0 	0 	0 	0 	0 	0 	0 	0 	0 	0 	0 	0 	0 	0 	0 	0 	2401 	1851 	15 	44 	1000 	
#record	91 	426 	300 	131 	90 	334 	279 	1702 	358 	365 	1499 	276 	228 	0 	0 	0 	0 	0 	0 	0 	0 	0 	0 	0 	0 	0 	0 	0 	0 	2432 	1874 	15 	45 	1000 	
#record	92 	432 	305 	133 	91 	338 	283 	1724 	363 	370 	1518 	280 	232 	0 	0 	0 	0 	0 	0 	0 	0 	0 	0 	0 	0 	0 	0 	0 	0 	2463 	1898 	15 	45 	1000 	
#record	93 	438 	309 	135 	92 	343 	287 	1745 	366 	375 	1538 	283 	235 	0 	0 	0 	0 	0 	0 	0 	0 	0 	0 	0 	0 	0 	0 	0 	0 	2493 	1922 	15 	46 	1000 	
#record	94 	444 	313 	137 	93 	347 	291 	1767 	371 	381 	1557 	287 	239 	0 	0 	0 	0 	0 	0 	0 	0 	0 	0 	0 	0 	0 	0 	0 	0 	2524 	1946 	16 	46 	1000 	
#record	95 	450 	317 	139 	94 	352 	294 	1789 	375 	386 	1575 	290 	242 	0 	0 	0 	0 	0 	0 	0 	0 	0 	0 	0 	0 	0 	0 	0 	0 	2555 	1969 	16 	47 	1000 	
#record	96 	456 	321 	141 	95 	356 	299 	1810 	380 	392 	1594 	293 	245 	0 	0 	0 	0 	0 	0 	0 	0 	0 	0 	0 	0 	0 	0 	0 	0 	2586 	1993 	16 	47 	1000 	
#record	97 	462 	326 	142 	96 	361 	303 	1832 	384 	397 	1614 	297 	249 	0 	0 	0 	0 	0 	0 	0 	0 	0 	0 	0 	0 	0 	0 	0 	0 	2617 	2017 	16 	48 	1000 	
#record	98 	468 	330 	144 	97 	365 	306 	1853 	389 	402 	1633 	300 	252 	0 	0 	0 	0 	0 	0 	0 	0 	0 	0 	0 	0 	0 	0 	0 	0 	2647 	2041 	16 	48 	1000 	
#record	99 	474 	334 	146 	98 	370 	310 	1875 	393 	408 	1651 	304 	256 	0 	0 	0 	0 	0 	0 	0 	0 	0 	0 	0 	0 	0 	0 	0 	0 	2678 	2064 	16 	49 	1000 	
#record	100 	480 	338 	148 	99 	374 	314 	1896 	397 	413 	1670 	307 	259 	0 	0 	0 	0 	0 	0 	0 	0 	0 	0 	0 	0 	0 	0 	0 	0 	2709 	2088 	17 	49 	1000 	
#record	101 	486 	342 	150 	100 	378 	318 	1918 	402 	418 	1690 	308 	262 	0 	0 	0 	0 	0 	0 	0 	0 	0 	0 	0 	0 	0 	0 	0 	0 	2740 	2112 	17 	50 	1000 	
#record	102 	492 	346 	152 	101 	383 	322 	1939 	406 	424 	1708 	309 	266 	0 	0 	0 	0 	0 	0 	0 	0 	0 	0 	0 	0 	0 	0 	0 	0 	2770 	2135 	17 	50 	1000 	
#record	103 	498 	350 	154 	102 	387 	326 	1961 	411 	429 	1727 	310 	269 	0 	0 	0 	0 	0 	0 	0 	0 	0 	0 	0 	0 	0 	0 	0 	0 	2801 	2159 	17 	51 	1000 	
#record	104 	504 	355 	156 	103 	392 	329 	1982 	415 	434 	1746 	311 	273 	0 	0 	0 	0 	0 	0 	0 	0 	0 	0 	0 	0 	0 	0 	0 	0 	2832 	2182 	17 	51 	1000 	
#record	105 	510 	359 	157 	104 	396 	333 	2003 	419 	440 	1765 	312 	276 	0 	0 	0 	0 	0 	0 	0 	0 	0 	0 	0 	0 	0 	0 	0 	0 	2862 	2206 	17 	52 	1000 	
#record	106 	516 	363 	159 	105 	401 	337 	2025 	423 	445 	1784 	313 	280 	0 	0 	0 	0 	0 	0 	0 	0 	0 	0 	0 	0 	0 	0 	0 	0 	2893 	2230 	17 	52 	1000 	
#record	107 	522 	367 	161 	106 	405 	341 	2047 	428 	451 	1802 	313 	283 	0 	0 	0 	0 	0 	0 	0 	0 	0 	0 	0 	0 	0 	0 	0 	0 	2924 	2253 	18 	53 	1000 	
#record	108 	528 	371 	163 	107 	409 	344 	2068 	432 	456 	1822 	314 	286 	0 	0 	0 	0 	0 	0 	0 	0 	0 	0 	0 	0 	0 	0 	0 	0 	2954 	2277 	18 	53 	1000 	
#record	109 	534 	376 	165 	108 	414 	349 	2090 	437 	461 	1840 	315 	290 	0 	0 	0 	0 	0 	0 	0 	0 	0 	0 	0 	0 	0 	0 	0 	0 	2985 	2300 	18 	54 	1000 	
#record	110 	540 	379 	167 	109 	418 	353 	2111 	441 	467 	1859 	316 	293 	0 	0 	0 	0 	0 	0 	0 	0 	0 	0 	0 	0 	0 	0 	0 	0 	3016 	2324 	18 	54 	1000 	
#record	111 	546 	384 	169 	110 	423 	356 	2132 	446 	472 	1878 	317 	297 	0 	0 	0 	0 	0 	0 	0 	0 	0 	0 	0 	0 	0 	0 	0 	0 	3046 	2348 	18 	55 	1000 	
#record	112 	552 	388 	171 	111 	427 	360 	2154 	450 	477 	1897 	318 	300 	0 	0 	0 	0 	0 	0 	0 	0 	0 	0 	0 	0 	0 	0 	0 	0 	3077 	2371 	18 	55 	1000 	
#record	113 	558 	392 	172 	112 	431 	364 	2175 	455 	483 	1916 	319 	303 	0 	0 	0 	0 	0 	0 	0 	0 	0 	0 	0 	0 	0 	0 	0 	0 	3107 	2395 	19 	56 	1000 	
#record	114 	564 	396 	174 	113 	436 	368 	2197 	459 	488 	1934 	320 	307 	0 	0 	0 	0 	0 	0 	0 	0 	0 	0 	0 	0 	0 	0 	0 	0 	3138 	2418 	19 	56 	1000 	
#record	115 	570 	400 	176 	114 	440 	372 	2218 	463 	493 	1954 	321 	310 	0 	0 	0 	0 	0 	0 	0 	0 	0 	0 	0 	0 	0 	0 	0 	0 	3169 	2442 	19 	57 	1000 	
#record	116 	576 	404 	178 	115 	445 	376 	2239 	467 	499 	1973 	322 	314 	0 	0 	0 	0 	0 	0 	0 	0 	0 	0 	0 	0 	0 	0 	0 	0 	3188 	2463 	19 	57 	1000 	
#record	117 	582 	408 	180 	116 	449 	379 	2261 	472 	504 	1991 	323 	317 	0 	0 	0 	0 	0 	0 	0 	0 	0 	0 	0 	0 	0 	0 	0 	0 	3218 	2487 	19 	58 	1000 	
#record	118 	588 	413 	182 	117 	454 	383 	2283 	476 	509 	2010 	324 	321 	0 	0 	0 	0 	0 	0 	0 	0 	0 	0 	0 	0 	0 	0 	0 	0 	3248 	2511 	19 	58 	1000 	
#record	119 	594 	417 	184 	118 	458 	387 	2304 	481 	515 	2029 	324 	324 	0 	0 	0 	0 	0 	0 	0 	0 	0 	0 	0 	0 	0 	0 	0 	0 	3279 	2535 	20 	59 	1000 	
#record	120 	600 	421 	186 	119 	462 	391 	2325 	485 	520 	2048 	325 	327 	0 	0 	0 	0 	0 	0 	0 	0 	0 	0 	0 	0 	0 	0 	0 	0 	3309 	2559 	20 	60 	1000 	
#record	121 	606 	425 	187 	120 	467 	394 	2347 	364 	526 	2067 	326 	331 	0 	0 	0 	0 	0 	0 	0 	0 	0 	0 	0 	0 	0 	0 	0 	0 	3339 	2583 	20 	60 	1000 	
#record	122 	612 	429 	189 	121 	471 	399 	2368 	368 	531 	2086 	327 	334 	0 	0 	0 	0 	0 	0 	0 	0 	0 	0 	0 	0 	0 	0 	0 	0 	3369 	2607 	20 	61 	1000 	
#record	123 	618 	433 	191 	122 	476 	402 	2390 	370 	536 	2105 	328 	338 	0 	0 	0 	0 	0 	0 	0 	0 	0 	0 	0 	0 	0 	0 	0 	0 	3399 	2631 	20 	61 	1000 	
#record	124 	624 	438 	193 	123 	480 	406 	2412 	373 	542 	2124 	329 	341 	0 	0 	0 	0 	0 	0 	0 	0 	0 	0 	0 	0 	0 	0 	0 	0 	3430 	2656 	20 	62 	1000 	
#record	125 	630 	442 	195 	124 	485 	410 	2433 	378 	547 	2143 	330 	345 	0 	0 	0 	0 	0 	0 	0 	0 	0 	0 	0 	0 	0 	0 	0 	0 	3460 	2680 	21 	62 	1000 	
#record	126 	636 	446 	197 	125 	489 	414 	2454 	379 	552 	2162 	331 	348 	0 	0 	0 	0 	0 	0 	0 	0 	0 	0 	0 	0 	0 	0 	0 	0 	3490 	2704 	21 	63 	1000 	
#record	127 	642 	450 	199 	126 	493 	418 	2476 	383 	558 	2181 	332 	351 	0 	0 	0 	0 	0 	0 	0 	0 	0 	0 	0 	0 	0 	0 	0 	0 	3520 	2728 	21 	63 	1000 	
#record	128 	648 	454 	201 	127 	498 	422 	2497 	387 	563 	2200 	333 	355 	0 	0 	0 	0 	0 	0 	0 	0 	0 	0 	0 	0 	0 	0 	0 	0 	3551 	2752 	21 	64 	1000 	
#record	129 	654 	458 	203 	128 	502 	426 	2519 	389 	568 	2218 	334 	358 	0 	0 	0 	0 	0 	0 	0 	0 	0 	0 	0 	0 	0 	0 	0 	0 	3581 	2776 	21 	64 	1000 	
#record	130 	660 	462 	204 	129 	507 	429 	2540 	392 	574 	2238 	335 	362 	0 	0 	0 	0 	0 	0 	0 	0 	0 	0 	0 	0 	0 	0 	0 	0 	3611 	2800 	21 	65 	1000 	
#record	131 	666 	467 	206 	130 	511 	433 	2561 	396 	579 	2257 	336 	365 	0 	0 	0 	0 	0 	0 	0 	0 	0 	0 	0 	0 	0 	0 	0 	0 	3641 	2824 	21 	65 	1000 	
#record	132 	672 	470 	208 	131 	515 	437 	2583 	398 	585 	2275 	336 	368 	0 	0 	0 	0 	0 	0 	0 	0 	0 	0 	0 	0 	0 	0 	0 	0 	3672 	2849 	22 	66 	1000 	
#record	133 	678 	475 	210 	132 	520 	441 	2605 	403 	590 	2294 	337 	372 	0 	0 	0 	0 	0 	0 	0 	0 	0 	0 	0 	0 	0 	0 	0 	0 	3702 	2873 	22 	66 	1000 	
#record	134 	684 	479 	212 	133 	524 	444 	2626 	406 	595 	2314 	338 	375 	0 	0 	0 	0 	0 	0 	0 	0 	0 	0 	0 	0 	0 	0 	0 	0 	3732 	2897 	22 	67 	1000 	
#record	135 	690 	483 	214 	134 	529 	449 	2647 	408 	601 	2333 	339 	379 	0 	0 	0 	0 	0 	0 	0 	0 	0 	0 	0 	0 	0 	0 	0 	0 	3762 	2921 	22 	67 	1000 	
#record	136 	696 	487 	216 	135 	533 	452 	2669 	412 	606 	2351 	340 	382 	0 	0 	0 	0 	0 	0 	0 	0 	0 	0 	0 	0 	0 	0 	0 	0 	3793 	2945 	22 	68 	1000 	
#record	137 	702 	491 	218 	136 	538 	456 	2690 	415 	611 	2370 	341 	386 	0 	0 	0 	0 	0 	0 	0 	0 	0 	0 	0 	0 	0 	0 	0 	0 	3823 	2969 	22 	68 	1000 	
#record	138 	708 	496 	219 	137 	542 	460 	2712 	417 	617 	2390 	342 	389 	0 	0 	0 	0 	0 	0 	0 	0 	0 	0 	0 	0 	0 	0 	0 	0 	3853 	2993 	23 	69 	1000 	
#record	139 	714 	499 	221 	138 	546 	464 	2734 	422 	622 	2408 	343 	392 	0 	0 	0 	0 	0 	0 	0 	0 	0 	0 	0 	0 	0 	0 	0 	0 	3883 	3018 	23 	69 	1000 	
#record	140 	720 	504 	223 	139 	551 	468 	2755 	425 	627 	2427 	344 	396 	0 	0 	0 	0 	0 	0 	0 	0 	0 	0 	0 	0 	0 	0 	0 	0 	3914 	3042 	23 	70 	1000 	
#record	141 	726 	508 	225 	140 	555 	472 	2776 	429 	633 	2446 	345 	399 	0 	0 	0 	0 	0 	0 	0 	0 	0 	0 	0 	0 	0 	0 	0 	0 	3944 	3066 	23 	70 	1000 	
#record	142 	732 	512 	227 	141 	560 	476 	2798 	431 	638 	2465 	346 	403 	0 	0 	0 	0 	0 	0 	0 	0 	0 	0 	0 	0 	0 	0 	0 	0 	3974 	3090 	23 	71 	1000 	
#record	143 	738 	516 	229 	142 	564 	479 	2819 	433 	643 	2484 	347 	406 	0 	0 	0 	0 	0 	0 	0 	0 	0 	0 	0 	0 	0 	0 	0 	0 	4004 	3114 	23 	71 	1000 	
#record	144 	744 	520 	231 	143 	568 	483 	2841 	437 	649 	2503 	347 	409 	0 	0 	0 	0 	0 	0 	0 	0 	0 	0 	0 	0 	0 	0 	0 	0 	4035 	3138 	24 	72 	1000 	
#record	145 	750 	525 	233 	144 	573 	487 	2862 	440 	654 	2522 	348 	413 	0 	0 	0 	0 	0 	0 	0 	0 	0 	0 	0 	0 	0 	0 	0 	0 	4065 	3162 	24 	72 	1000 	
#record	146 	756 	529 	234 	145 	577 	491 	2883 	443 	660 	2541 	349 	416 	0 	0 	0 	0 	0 	0 	0 	0 	0 	0 	0 	0 	0 	0 	0 	0 	4095 	3186 	24 	73 	1000 	
#record	147 	762 	533 	236 	146 	582 	494 	2905 	447 	665 	2560 	350 	420 	0 	0 	0 	0 	0 	0 	0 	0 	0 	0 	0 	0 	0 	0 	0 	0 	4125 	3211 	24 	73 	1000 	
#record	148 	768 	537 	238 	147 	586 	499 	2927 	450 	670 	2579 	351 	423 	0 	0 	0 	0 	0 	0 	0 	0 	0 	0 	0 	0 	0 	0 	0 	0 	4155 	3235 	24 	74 	1000 	
#record	149 	774 	541 	240 	148 	591 	502 	2948 	454 	676 	2598 	352 	427 	0 	0 	0 	0 	0 	0 	0 	0 	0 	0 	0 	0 	0 	0 	0 	0 	4186 	3259 	24 	74 	1000 	
#record	150 	780 	545 	242 	149 	595 	506 	2969 	458 	681 	2617 	353 	430 	0 	0 	0 	0 	0 	0 	0 	0 	0 	0 	0 	0 	0 	0 	0 	0 	4216 	3283 	24 	75 	1000 	
																																			
#end																																			
