;		Fight	Parameter																															
#ignore	\o042			; ??????? ????																														
#exchange	#	\x20		; # => space																														
;		01.03.2005																																
#table	Param																																	
#columntype	Dword	Dword	Dword	Dword	Dword	Dword	Dword	Dword	Dword	Dword	Dword	Dword	Dword	Dword	Dword	Dword	Dword	Dword	Dword	Dword	Dword	Dword	Dword	Dword	Dword	Dword	Dword	Dword	Dword	Word	Word	DWord	DWord	Word
#columnname	Level	Strength	Constitution	Intelligence	Wizdom	Dexterity	MentalPower	SoulHP	MAXSoulHP	PriceHPStone	SoulSP	MAXSoulSP	PriceSPStone	AtkPerAP	DmgPerAP	MaxPwrStone	NumPwrStone	PricePwrStone	PwrStoneWC	PwrStoneMA	MaxGrdStone	NumGrdStone	PriceGrdStone	GrdStoneAC	GrdStoneMR	PainRes	RestraintRes	CurseRes	ShockRes	MaxHP	MaxSP	CharTitlePt	SkillPwrPt	JobChangeDmgUp
#record	1	4	4	1	0	7	3	32	13	3	20	11	1	0	0	0	0	0	0	0	0	0	0	0	0	0	0	0	0	46	24	1	0	1000
#record	2	6	4	2	0	10	4	36	13	4	31	12	2	0	0	0	0	0	0	0	0	0	0	0	0	0	0	0	0	51	39	1	0	1000
#record	3	8	6	3	0	13	6	47	14	6	47	13	3	0	0	0	0	0	0	0	0	0	0	0	0	0	0	0	0	67	58	1	1	1000
#record	4	10	7	4	0	16	7	55	15	7	58	14	3	0	0	0	0	0	0	0	0	0	0	0	0	0	0	0	0	78	73	1	1	1000
#record	5	12	9	5	0	19	8	68	16	8	70	15	4	0	0	0	0	0	0	0	0	0	0	0	0	0	0	0	0	97	87	1	2	1000
#record	6	14	10	6	0	22	10	79	17	9	86	17	4	0	0	0	0	0	0	0	0	0	0	0	0	0	0	0	0	112	107	2	2	1000
#record	7	16	11	7	0	24	11	89	18	10	97	18	6	0	0	0	0	0	0	0	0	0	0	0	0	0	0	0	0	128	121	2	3	1000
#record	8	18	13	8	0	28	12	104	19	11	109	19	7	0	0	0	0	0	0	0	0	0	0	0	0	0	0	0	0	148	136	2	3	1000
#record	9	20	14	9	0	30	14	114	20	12	124	20	7	0	0	0	0	0	0	0	0	0	0	0	0	0	0	0	0	163	155	2	4	1000
#record	10	22	16	10	0	34	15	129	22	13	136	21	8	0	0	0	0	0	0	0	0	0	0	0	0	0	0	0	0	184	170	2	4	1000
#record	11	24	17	11	0	36	16	139	23	14	148	22	8	0	0	0	0	0	0	0	0	0	0	0	0	0	0	0	0	199	184	2	5	1000
#record	12	26	18	12	0	38	18	150	24	15	163	23	9	0	0	0	0	0	0	0	0	0	0	0	0	0	0	0	0	215	204	3	5	1000
#record	13	28	20	13	0	42	19	164	25	17	175	24	10	0	0	0	0	0	0	0	0	0	0	0	0	0	0	0	0	235	218	3	6	1000
#record	14	30	21	14	0	44	20	175	26	18	186	25	10	0	0	0	0	0	0	0	0	0	0	0	0	0	0	0	0	250	233	3	6	1000
#record	15	31	23	15	0	48	22	189	28	19	202	26	11	0	0	0	0	0	0	0	0	0	0	0	0	0	0	0	0	271	252	3	7	1000
#record	16	33	24	16	0	50	23	200	29	20	214	27	11	0	0	0	0	0	0	0	0	0	0	0	0	0	0	0	0	286	267	3	7	1000
#record	17	35	25	17	0	53	24	211	30	21	225	28	12	0	0	0	0	0	0	0	0	0	0	0	0	0	0	0	0	301	281	3	8	1000
#record	18	37	27	18	0	56	26	225	31	22	241	30	13	0	0	0	0	0	0	0	0	0	0	0	0	0	0	0	0	322	301	4	8	1000
#record	19	39	28	19	0	59	27	236	32	23	252	31	13	0	0	0	0	0	0	0	0	0	0	0	0	0	0	0	0	337	315	4	9	1000
#record	20	47	34	23	0	68	33	279	46	26	299	32	15	0	0	0	0	0	0	0	0	0	0	0	0	0	0	0	0	399	374	4	9	1000
#record	21	50	37	25	0	72	36	293	48	30	315	34	18	0	0	0	0	0	0	0	0	0	0	0	0	0	0	0	0	419	394	4	10	1000
#record	22	53	39	27	0	76	37	307	55	30	326	35	20	0	0	0	0	0	0	0	0	0	0	0	0	0	0	0	0	438	407	4	10	1000
#record	23	55	42	28	0	77	40	319	58	31	340	37	21	0	0	0	0	0	0	0	0	0	0	0	0	0	0	0	0	456	425	4	11	1000
#record	24	58	43	30	0	79	42	328	67	31	353	38	23	0	0	0	0	0	0	0	0	0	0	0	0	0	0	0	0	468	442	4	11	1000
#record	25	60	45	31	0	82	43	339	70	34	362	40	25	0	0	0	0	0	0	0	0	0	0	0	0	0	0	0	0	484	452	5	12	1000
#record	26	64	48	32	0	86	46	357	73	36	382	41	28	0	0	0	0	0	0	0	0	0	0	0	0	0	0	0	0	510	477	5	12	1000
#record	27	67	51	34	0	90	49	375	86	40	401	81	30	0	0	0	0	0	0	0	0	0	0	0	0	0	0	0	0	535	501	5	13	1000
#record	28	71	54	36	0	94	51	392	90	42	417	84	31	0	0	0	0	0	0	0	0	0	0	0	0	0	0	0	0	561	521	5	13	1000
#record	29	74	56	38	0	97	54	407	92	44	436	87	33	0	0	0	0	0	0	0	0	0	0	0	0	0	0	0	0	581	545	5	14	1000
#record	30	78	59	40	0	101	57	424	96	47	456	91	35	0	0	0	0	0	0	0	0	0	0	0	0	0	0	0	0	606	570	5	14	1000
#record	31	81	62	42	0	106	60	442	100	50	476	94	37	0	0	0	0	0	0	0	0	0	0	0	0	0	0	0	0	632	594	6	15	1000
#record	32	85	65	43	0	109	62	460	103	53	491	97	40	0	0	0	0	0	0	0	0	0	0	0	0	0	0	0	0	657	614	6	15	1000
#record	33	88	68	45	0	113	65	478	107	55	511	101	41	0	0	0	0	0	0	0	0	0	0	0	0	0	0	0	0	682	638	6	16	1000
#record	34	92	70	47	0	116	68	492	110	57	530	104	43	0	0	0	0	0	0	0	0	0	0	0	0	0	0	0	0	703	663	6	16	1000
#record	35	95	73	49	0	120	70	510	114	61	546	107	45	0	0	0	0	0	0	0	0	0	0	0	0	0	0	0	0	728	682	6	17	1000
#record	36	99	76	51	0	125	73	528	117	63	565	110	47	0	0	0	0	0	0	0	0	0	0	0	0	0	0	0	0	754	707	6	17	1000
#record	37	102	79	53	0	128	76	545	121	66	585	114	50	0	0	0	0	0	0	0	0	0	0	0	0	0	0	0	0	779	731	7	18	1000
#record	38	106	82	54	0	132	78	563	124	68	601	117	51	0	0	0	0	0	0	0	0	0	0	0	0	0	0	0	0	804	751	7	18	1000
#record	39	109	84	56	0	136	81	577	127	70	620	120	53	0	0	0	0	0	0	0	0	0	0	0	0	0	0	0	0	825	775	7	19	1000
#record	40	113	87	58	0	139	84	595	131	74	640	124	55	0	0	0	0	0	0	0	0	0	0	0	0	0	0	0	0	850	800	7	19	1000
#record	41	117	90	60	0	144	87	613	135	76	659	127	57	0	0	0	0	0	0	0	0	0	0	0	0	0	0	0	0	875	824	7	20	1000
#record	42	120	93	62	0	148	89	631	138	79	675	130	59	0	0	0	0	0	0	0	0	0	0	0	0	0	0	0	0	901	844	7	20	1000
#record	43	124	96	64	0	151	92	648	142	81	695	134	61	0	0	0	0	0	0	0	0	0	0	0	0	0	0	0	0	926	868	7	21	1000
#record	44	127	98	65	0	155	95	663	145	84	714	137	63	0	0	0	0	0	0	0	0	0	0	0	0	0	0	0	0	947	893	8	21	1000
#record	45	131	101	67	0	158	97	680	148	87	730	140	65	0	0	0	0	0	0	0	0	0	0	0	0	0	0	0	0	972	912	8	22	1000
#record	46	134	104	69	0	163	100	698	152	89	749	143	67	0	0	0	0	0	0	0	0	0	0	0	0	0	0	0	0	997	937	8	22	1000
#record	47	138	107	71	0	167	103	716	156	92	769	147	69	0	0	0	0	0	0	0	0	0	0	0	0	0	0	0	0	1023	961	8	23	1000
#record	48	141	110	73	0	170	105	734	159	95	785	150	72	0	0	0	0	0	0	0	0	0	0	0	0	0	0	0	0	1048	981	8	23	1000
#record	49	145	113	75	0	174	108	751	163	97	804	153	73	0	0	0	0	0	0	0	0	0	0	0	0	0	0	0	0	1074	1005	8	24	1000
#record	50	148	115	76	0	178	111	766	166	100	824	157	75	0	0	0	0	0	0	0	0	0	0	0	0	0	0	0	0	1094	1030	9	24	1000
#record	51	152	118	78	0	182	114	783	169	116	843	160	88	0	0	0	0	0	0	0	0	0	0	0	0	0	0	0	0	1119	1054	9	25	1000
#record	52	155	121	80	0	186	116	801	173	119	859	163	90	0	0	0	0	0	0	0	0	0	0	0	0	0	0	0	0	1145	1074	9	25	1000
#record	53	159	124	82	0	190	119	819	177	121	879	166	92	0	0	0	0	0	0	0	0	0	0	0	0	0	0	0	0	1170	1098	9	26	1000
#record	54	162	127	84	0	193	122	837	180	124	898	170	95	0	0	0	0	0	0	0	0	0	0	0	0	0	0	0	0	1195	1123	9	26	1000
#record	55	166	129	86	0	198	124	851	183	128	914	173	97	0	0	0	0	0	0	0	0	0	0	0	0	0	0	0	0	1216	1142	9	27	1000
#record	56	169	132	87	0	202	127	869	187	130	933	176	99	0	0	0	0	0	0	0	0	0	0	0	0	0	0	0	0	1241	1167	10	27	1000
#record	57	173	135	89	0	205	130	887	190	133	953	180	101	0	0	0	0	0	0	0	0	0	0	0	0	0	0	0	0	1267	1191	10	28	1000
#record	58	176	138	91	0	209	132	904	194	136	969	182	103	0	0	0	0	0	0	0	0	0	0	0	0	0	0	0	0	1292	1211	10	28	1000
#record	59	180	141	93	0	212	135	922	198	139	988	186	107	0	0	0	0	0	0	0	0	0	0	0	0	0	0	0	0	1317	1235	10	29	1000
#record	60	197	154	102	0	233	149	1034	201	191	1113	190	151	0	0	0	0	0	0	0	0	0	0	0	0	0	0	0	0	1477	1391	10	29	1700
#record	61	200	157	104	0	235	151	1048	206	196	1124	194	154	0	0	0	0	0	0	0	0	0	0	0	0	0	0	0	0	1497	1405	10	30	1690
#record	62	204	159	105	0	238	152	1057	209	201	1135	197	158	0	0	0	0	0	0	0	0	0	0	0	0	0	0	0	0	1510	1419	11	30	1680
#record	63	206	161	107	0	241	155	1070	214	207	1150	201	163	0	0	0	0	0	0	0	0	0	0	0	0	0	0	0	0	1529	1437	11	31	1670
#record	64	209	163	108	0	244	157	1079	217	212	1160	205	167	0	0	0	0	0	0	0	0	0	0	0	0	0	0	0	0	1541	1450	11	31	1660
#record	65	212	165	110	0	246	158	1091	222	218	1170	208	172	0	0	0	0	0	0	0	0	0	0	0	0	0	0	0	0	1559	1462	11	32	1650
#record	66	214	167	111	0	248	161	1099	225	222	1183	213	175	0	0	0	0	0	0	0	0	0	0	0	0	0	0	0	0	1570	1479	11	32	1640
#record	67	217	169	113	0	251	162	1111	230	228	1192	216	179	0	0	0	0	0	0	0	0	0	0	0	0	0	0	0	0	1587	1490	11	33	1630
#record	68	222	172	115	0	256	166	1118	233	233	1204	220	184	0	0	0	0	0	0	0	0	0	0	0	0	0	0	0	0	1597	1505	11	33	1620
#record	69	226	176	117	0	260	169	1128	238	239	1212	224	188	0	0	0	0	0	0	0	0	0	0	0	0	0	0	0	0	1612	1515	12	34	1610
#record	70	231	179	120	0	265	172	1135	241	244	1220	227	193	0	0	0	0	0	0	0	0	0	0	0	0	0	0	0	0	1621	1525	12	34	1500
#record	71	236	183	122	0	270	176	1156	245	249	1243	232	196	0	0	0	0	0	0	0	0	0	0	0	0	0	0	0	0	1652	1554	12	35	1490
#record	72	241	186	125	0	275	179	1174	249	254	1263	235	200	0	0	0	0	0	0	0	0	0	0	0	0	0	0	0	0	1677	1579	12	35	1480
#record	73	245	190	127	0	280	182	1195	253	260	1283	239	205	0	0	0	0	0	0	0	0	0	0	0	0	0	0	0	0	1708	1603	12	36	1470
#record	74	250	193	130	0	284	186	1213	257	265	1306	243	209	0	0	0	0	0	0	0	0	0	0	0	0	0	0	0	0	1733	1633	12	36	1460
#record	75	255	197	132	0	289	189	1234	261	271	1326	246	212	0	0	0	0	0	0	0	0	0	0	0	0	0	0	0	0	1763	1657	13	37	1450
#record	76	259	200	135	0	294	193	1252	265	275	1349	250	217	0	0	0	0	0	0	0	0	0	0	0	0	0	0	0	0	1789	1687	13	37	1440
#record	77	264	204	137	0	299	196	1273	269	281	1369	254	221	0	0	0	0	0	0	0	0	0	0	0	0	0	0	0	0	1819	1711	13	38	1430
#record	78	269	207	139	0	304	199	1291	273	286	1389	257	226	0	0	0	0	0	0	0	0	0	0	0	0	0	0	0	0	1844	1736	13	38	1420
#record	79	273	211	142	0	308	203	1312	277	292	1412	262	230	0	0	0	0	0	0	0	0	0	0	0	0	0	0	0	0	1875	1765	13	39	1410
#record	80	278	214	144	0	313	206	1330	281	297	1432	265	233	0	0	0	0	0	0	0	0	0	0	0	0	0	0	0	0	1900	1790	13	39	1300
#record	81	283	218	147	0	318	209	1351	285	301	1451	269	238	0	0	0	0	0	0	0	0	0	0	0	0	0	0	0	0	1931	1814	14	40	1290
#record	82	287	221	149	0	323	213	1369	289	307	1475	273	242	0	0	0	0	0	0	0	0	0	0	0	0	0	0	0	0	1956	1844	14	40	1280
#record	83	292	225	152	0	328	216	1390	293	312	1495	276	246	0	0	0	0	0	0	0	0	0	0	0	0	0	0	0	0	1986	1868	14	41	1270
#record	84	297	228	154	0	332	220	1408	297	318	1518	281	250	0	0	0	0	0	0	0	0	0	0	0	0	0	0	0	0	2012	1898	14	41	1260
#record	85	301	232	157	0	337	223	1429	301	323	1538	284	254	0	0	0	0	0	0	0	0	0	0	0	0	0	0	0	0	2042	1922	14	42	1250
#record	86	306	235	159	0	342	226	1447	305	328	1557	288	259	0	0	0	0	0	0	0	0	0	0	0	0	0	0	0	0	2067	1947	14	42	1240
#record	87	311	239	161	0	347	230	1469	309	333	1581	292	263	0	0	0	0	0	0	0	0	0	0	0	0	0	0	0	0	2098	1976	14	43	1230
#record	88	315	242	164	0	352	233	1486	313	339	1601	295	267	0	0	0	0	0	0	0	0	0	0	0	0	0	0	0	0	2123	2001	15	43	1220
#record	89	320	246	166	0	356	236	1508	317	344	1620	299	271	0	0	0	0	0	0	0	0	0	0	0	0	0	0	0	0	2154	2025	15	44	1210
#record	90	325	249	169	0	361	240	1525	321	350	1644	303	275	0	0	0	0	0	0	0	0	0	0	0	0	0	0	0	0	2179	2055	15	44	1100
#record	91	329	253	171	0	366	243	1547	325	354	1663	307	279	0	0	0	0	0	0	0	0	0	0	0	0	0	0	0	0	2209	2079	15	45	1095
#record	92	334	256	174	0	371	247	1564	329	360	1687	311	284	0	0	0	0	0	0	0	0	0	0	0	0	0	0	0	0	2235	2109	15	45	1090
#record	93	339	260	176	0	376	250	1586	333	365	1707	314	288	0	0	0	0	0	0	0	0	0	0	0	0	0	0	0	0	2265	2133	15	46	1085
#record	94	343	263	179	0	380	253	1603	337	371	1726	318	292	0	0	0	0	0	0	0	0	0	0	0	0	0	0	0	0	2291	2158	16	46	1080
#record	95	348	267	181	0	386	257	1625	341	376	1750	322	296	0	0	0	0	0	0	0	0	0	0	0	0	0	0	0	0	2321	2187	16	47	1075
#record	96	353	270	184	0	391	260	1642	345	381	1769	325	300	0	0	0	0	0	0	0	0	0	0	0	0	0	0	0	0	2346	2212	16	47	1070
#record	97	358	274	186	0	396	263	1664	349	386	1789	329	305	0	0	0	0	0	0	0	0	0	0	0	0	0	0	0	0	2377	2236	16	48	1065
#record	98	362	277	188	0	401	267	1681	353	392	1813	333	308	0	0	0	0	0	0	0	0	0	0	0	0	0	0	0	0	2402	2266	16	48	1060
#record	99	367	281	191	0	406	270	1703	357	397	1832	337	312	0	0	0	0	0	0	0	0	0	0	0	0	0	0	0	0	2432	2290	16	49	1055
#record	100	372	285	193	0	410	274	1724	361	403	1856	341	317	0	0	0	0	0	0	0	0	0	0	0	0	0	0	0	0	2463	2320	17	49	1000
#record	101	376	288	196	0	415	277	1742	365	407	1875	344	321	0	0	0	0	0	0	0	0	0	0	0	0	0	0	0	0	2488	2344	17	50	1000
#record	102	381	292	198	0	420	280	1763	369	413	1895	348	326	0	0	0	0	0	0	0	0	0	0	0	0	0	0	0	0	2519	2369	17	50	1000
#record	103	386	295	201	0	425	284	1781	373	418	1919	352	329	0	0	0	0	0	0	0	0	0	0	0	0	0	0	0	0	2544	2398	17	51	1000
#record	104	390	299	203	0	430	287	1802	377	424	1938	356	333	0	0	0	0	0	0	0	0	0	0	0	0	0	0	0	0	2574	2423	17	51	1000
#record	105	395	302	206	0	434	290	1820	381	429	1958	359	338	0	0	0	0	0	0	0	0	0	0	0	0	0	0	0	0	2600	2447	17	52	1000
#record	106	400	306	208	0	439	294	1841	385	433	1981	363	342	0	0	0	0	0	0	0	0	0	0	0	0	0	0	0	0	2630	2477	17	52	1000
#record	107	404	309	210	0	444	297	1859	389	439	2001	367	347	0	0	0	0	0	0	0	0	0	0	0	0	0	0	0	0	2655	2501	18	53	1000
#record	108	409	313	213	0	449	301	1880	393	444	2024	371	350	0	0	0	0	0	0	0	0	0	0	0	0	0	0	0	0	2686	2531	18	53	1000
#record	109	414	316	215	0	454	304	1898	397	450	2044	375	354	0	0	0	0	0	0	0	0	0	0	0	0	0	0	0	0	2711	2555	18	54	1000
#record	110	418	320	218	0	458	307	1919	401	455	2064	378	359	0	0	0	0	0	0	0	0	0	0	0	0	0	0	0	0	2742	2580	18	54	1000
#record	111	423	323	220	0	463	311	1937	405	460	2087	382	363	0	0	0	0	0	0	0	0	0	0	0	0	0	0	0	0	2767	2609	18	55	1000
#record	112	428	327	223	0	468	314	1958	409	465	2107	386	366	0	0	0	0	0	0	0	0	0	0	0	0	0	0	0	0	2797	2634	18	55	1000
#record	113	432	330	225	0	473	317	1976	413	471	2126	389	371	0	0	0	0	0	0	0	0	0	0	0	0	0	0	0	0	2823	2658	19	56	1000
#record	114	437	334	228	0	478	321	1997	417	476	2150	393	375	0	0	0	0	0	0	0	0	0	0	0	0	0	0	0	0	2853	2688	19	56	1000
#record	115	442	337	230	0	482	324	2015	421	482	2170	397	380	0	0	0	0	0	0	0	0	0	0	0	0	0	0	0	0	2878	2712	19	57	1000
#record	116	446	341	232	0	487	328	2036	425	442	2193	401	409	0	0	0	0	0	0	0	0	0	0	0	0	0	0	0	0	2922	2734	19	57	1000
#record	117	451	344	235	0	492	331	2054	429	447	2213	405	414	0	0	0	0	0	0	0	0	0	0	0	0	0	0	0	0	2950	2761	19	58	1000
#record	118	456	348	237	0	497	334	2075	433	452	2232	408	418	0	0	0	0	0	0	0	0	0	0	0	0	0	0	0	0	2978	2788	19	58	1000
#record	119	460	351	240	0	502	338	2093	437	457	2256	412	423	0	0	0	0	0	0	0	0	0	0	0	0	0	0	0	0	3005	2814	20	59	1000
#record	120	465	355	242	0	506	341	2114	441	462	2276	416	427	0	0	0	0	0	0	0	0	0	0	0	0	0	0	0	0	3033	2841	20	60	1000
#record	121	470	358	245	0	511	344	2132	331	466	2295	313	432	0	0	0	0	0	0	0	0	0	0	0	0	0	0	0	0	3061	2868	20	60	1000
#record	122	475	362	247	0	516	348	2153	335	471	2319	315	436	0	0	0	0	0	0	0	0	0	0	0	0	0	0	0	0	3088	2895	20	61	1000
#record	123	479	365	250	0	521	351	2171	336	476	2338	317	441	0	0	0	0	0	0	0	0	0	0	0	0	0	0	0	0	3116	2922	20	61	1000
#record	124	484	369	252	0	526	355	2192	339	481	2362	321	445	0	0	0	0	0	0	0	0	0	0	0	0	0	0	0	0	3144	2948	20	62	1000
#record	125	489	372	255	0	530	358	2210	343	486	2382	323	449	0	0	0	0	0	0	0	0	0	0	0	0	0	0	0	0	3172	2975	21	62	1000
#record	126	493	376	257	0	535	361	2231	345	490	2401	327	454	0	0	0	0	0	0	0	0	0	0	0	0	0	0	0	0	3199	3002	21	63	1000
#record	127	498	379	259	0	540	365	2249	348	495	2425	330	458	0	0	0	0	0	0	0	0	0	0	0	0	0	0	0	0	3227	3029	21	63	1000
#record	128	503	383	262	0	545	368	2270	352	500	2444	331	463	0	0	0	0	0	0	0	0	0	0	0	0	0	0	0	0	3255	3055	21	64	1000
#record	129	507	386	264	0	550	371	2288	353	505	2464	335	467	0	0	0	0	0	0	0	0	0	0	0	0	0	0	0	0	3283	3082	21	64	1000
#record	130	512	390	267	0	554	375	2309	356	510	2488	338	472	0	0	0	0	0	0	0	0	0	0	0	0	0	0	0	0	3310	3109	21	65	1000
#record	131	517	393	269	0	559	378	2327	360	514	2507	339	476	0	0	0	0	0	0	0	0	0	0	0	0	0	0	0	0	3338	3136	21	65	1000
#record	132	521	397	272	0	564	382	2348	362	519	2531	343	481	0	0	0	0	0	0	0	0	0	0	0	0	0	0	0	0	3366	3163	22	66	1000
#record	133	526	400	274	0	569	385	2366	366	524	2550	345	485	0	0	0	0	0	0	0	0	0	0	0	0	0	0	0	0	3393	3189	22	66	1000
#record	134	531	404	277	0	574	388	2387	369	529	2570	348	489	0	0	0	0	0	0	0	0	0	0	0	0	0	0	0	0	3421	3216	22	67	1000
#record	135	535	407	279	0	578	392	2405	371	534	2594	352	494	0	0	0	0	0	0	0	0	0	0	0	0	0	0	0	0	3449	3243	22	67	1000
#record	136	540	411	281	0	583	395	2426	375	538	2613	353	498	0	0	0	0	0	0	0	0	0	0	0	0	0	0	0	0	3477	3270	22	68	1000
#record	137	545	414	284	0	588	398	2444	377	543	2633	356	503	0	0	0	0	0	0	0	0	0	0	0	0	0	0	0	0	3504	3297	22	68	1000
#record	138	549	418	286	0	593	402	2465	379	548	2656	360	507	0	0	0	0	0	0	0	0	0	0	0	0	0	0	0	0	3532	3323	23	69	1000
#record	139	554	421	289	0	598	405	2483	383	553	2676	362	512	0	0	0	0	0	0	0	0	0	0	0	0	0	0	0	0	3560	3350	23	69	1000
#record	140	559	425	291	0	602	409	2505	386	558	2700	364	516	0	0	0	0	0	0	0	0	0	0	0	0	0	0	0	0	3587	3377	23	70	1000
#record	141	563	428	294	0	607	412	2522	390	562	2719	367	521	0	0	0	0	0	0	0	0	0	0	0	0	0	0	0	0	3615	3404	23	70	1000
#record	142	568	432	296	0	612	415	2544	392	567	2739	370	525	0	0	0	0	0	0	0	0	0	0	0	0	0	0	0	0	3643	3431	23	71	1000
#record	143	573	435	299	0	617	419	2561	393	572	2762	374	529	0	0	0	0	0	0	0	0	0	0	0	0	0	0	0	0	3671	3457	23	71	1000
#record	144	577	439	301	0	622	422	2583	397	577	2782	375	534	0	0	0	0	0	0	0	0	0	0	0	0	0	0	0	0	3698	3484	24	72	1000
#record	145	582	442	303	0	626	425	2600	400	582	2802	378	538	0	0	0	0	0	0	0	0	0	0	0	0	0	0	0	0	3726	3511	24	72	1000
#record	146	587	446	306	0	631	429	2622	403	586	2825	382	543	0	0	0	0	0	0	0	0	0	0	0	0	0	0	0	0	3754	3538	24	73	1000
#record	147	592	449	308	0	636	432	2639	406	591	2845	384	547	0	0	0	0	0	0	0	0	0	0	0	0	0	0	0	0	3781	3564	24	73	1000
#record	148	596	453	311	0	641	436	2661	409	596	2868	387	552	0	0	0	0	0	0	0	0	0	0	0	0	0	0	0	0	3809	3591	24	74	1000
#record	149	601	457	313	0	646	439	2682	413	601	2888	390	556	0	0	0	0	0	0	0	0	0	0	0	0	0	0	0	0	3837	3618	24	74	1000
#record	150	606	460	316	0	650	442	2700	416	606	2908	392	561	0	0	0	0	0	0	0	0	0	0	0	0	0	0	0	0	3865	3645	24	75	1000
																																		
#end																																		
