;		Fight	Parameter																															
#ignore	\o042			; ??????? ????																														
#exchange	#	\x20		; # => space																														
;		01.03.2005																																
#table	Param																																	
#columntype	Dword	Dword	Dword	Dword	Dword	Dword	Dword	Dword	Dword	Dword	Dword	Dword	Dword	Dword	Dword	Dword	Dword	Dword	Dword	Dword	Dword	Dword	Dword	Dword	Dword	Dword	Dword	Dword	Dword	Word	Word	DWord	DWord	Word
#columnname	Level	Strength	Constitution	Intelligence	Wizdom	Dexterity	MentalPower	SoulHP	MAXSoulHP	PriceHPStone	SoulSP	MAXSoulSP	PriceSPStone	AtkPerAP	DmgPerAP	MaxPwrStone	NumPwrStone	PricePwrStone	PwrStoneWC	PwrStoneMA	MaxGrdStone	NumGrdStone	PriceGrdStone	GrdStoneAC	GrdStoneMR	PainRes	RestraintRes	CurseRes	ShockRes	MaxHP	MaxSP	CharTitlePt	SkillPwrPt	JobChangeDmgUp
#record	1	4	4	1	0	9	3	32	13	3	20	11	1	0	0	0	0	0	0	0	0	0	0	0	0	0	0	0	0	46	24	1	0	1000
#record	2	6	4	2	0	12	4	36	13	4	31	12	2	0	0	0	0	0	0	0	0	0	0	0	0	0	0	0	0	51	39	1	0	1000
#record	3	8	6	3	0	17	6	47	14	6	47	13	3	0	0	0	0	0	0	0	0	0	0	0	0	0	0	0	0	67	58	1	1	1000
#record	4	10	7	4	0	20	7	55	15	7	58	14	3	0	0	0	0	0	0	0	0	0	0	0	0	0	0	0	0	78	73	1	1	1000
#record	5	12	9	5	0	24	8	68	16	8	70	15	4	0	0	0	0	0	0	0	0	0	0	0	0	0	0	0	0	97	87	1	2	1000
#record	6	14	10	6	0	27	10	79	17	9	86	17	4	0	0	0	0	0	0	0	0	0	0	0	0	0	0	0	0	112	107	2	2	1000
#record	7	16	11	7	0	30	11	89	18	10	97	18	6	0	0	0	0	0	0	0	0	0	0	0	0	0	0	0	0	128	121	2	3	1000
#record	8	18	13	8	0	35	12	104	19	11	109	19	7	0	0	0	0	0	0	0	0	0	0	0	0	0	0	0	0	148	136	2	3	1000
#record	9	20	14	9	0	38	14	114	20	12	124	20	7	0	0	0	0	0	0	0	0	0	0	0	0	0	0	0	0	163	155	2	4	1000
#record	10	22	16	10	0	42	15	129	22	13	136	21	8	0	0	0	0	0	0	0	0	0	0	0	0	0	0	0	0	184	170	2	4	1000
#record	11	24	17	11	0	45	16	139	23	14	148	22	8	0	0	0	0	0	0	0	0	0	0	0	0	0	0	0	0	199	184	2	5	1000
#record	12	26	18	12	0	48	18	150	24	15	163	23	9	0	0	0	0	0	0	0	0	0	0	0	0	0	0	0	0	215	204	3	5	1000
#record	13	28	20	13	0	53	19	164	25	17	175	24	10	0	0	0	0	0	0	0	0	0	0	0	0	0	0	0	0	235	218	3	6	1000
#record	14	30	21	14	0	56	20	175	26	18	186	25	10	0	0	0	0	0	0	0	0	0	0	0	0	0	0	0	0	250	233	3	6	1000
#record	15	31	23	15	0	60	22	189	28	19	202	26	11	0	0	0	0	0	0	0	0	0	0	0	0	0	0	0	0	271	252	3	7	1000
#record	16	33	24	16	0	63	23	200	29	20	214	27	11	0	0	0	0	0	0	0	0	0	0	0	0	0	0	0	0	286	267	3	7	1000
#record	17	35	25	17	0	66	24	211	30	21	225	28	12	0	0	0	0	0	0	0	0	0	0	0	0	0	0	0	0	301	281	3	8	1000
#record	18	37	27	18	0	71	26	225	31	22	241	30	13	0	0	0	0	0	0	0	0	0	0	0	0	0	0	0	0	322	301	4	8	1000
#record	19	39	28	19	0	74	27	236	32	23	252	31	13	0	0	0	0	0	0	0	0	0	0	0	0	0	0	0	0	337	315	4	9	1000
#record	20	47	34	23	0	86	33	279	46	26	299	32	15	0	0	0	0	0	0	0	0	0	0	0	0	0	0	0	0	399	374	4	9	1000
#record	21	50	37	25	0	90	36	293	48	30	315	34	18	0	0	0	0	0	0	0	0	0	0	0	0	0	0	0	0	419	394	4	10	1000
#record	22	53	39	27	0	95	37	307	55	30	326	35	20	0	0	0	0	0	0	0	0	0	0	0	0	0	0	0	0	438	407	4	10	1000
#record	23	55	42	28	0	96	40	319	58	31	340	37	21	0	0	0	0	0	0	0	0	0	0	0	0	0	0	0	0	456	425	4	11	1000
#record	24	58	43	30	0	99	42	328	67	31	353	38	23	0	0	0	0	0	0	0	0	0	0	0	0	0	0	0	0	468	442	4	11	1000
#record	25	60	45	31	0	102	43	339	70	34	362	40	25	0	0	0	0	0	0	0	0	0	0	0	0	0	0	0	0	484	452	5	12	1000
#record	26	64	48	32	0	108	46	357	73	36	382	41	28	0	0	0	0	0	0	0	0	0	0	0	0	0	0	0	0	510	477	5	12	1000
#record	27	67	51	34	0	113	49	375	86	40	401	81	30	0	0	0	0	0	0	0	0	0	0	0	0	0	0	0	0	535	501	5	13	1000
#record	28	71	54	36	0	117	51	392	90	42	417	84	31	0	0	0	0	0	0	0	0	0	0	0	0	0	0	0	0	561	521	5	13	1000
#record	29	74	56	38	0	122	54	407	92	44	436	87	33	0	0	0	0	0	0	0	0	0	0	0	0	0	0	0	0	581	545	5	14	1000
#record	30	78	59	40	0	126	57	424	96	47	456	91	35	0	0	0	0	0	0	0	0	0	0	0	0	0	0	0	0	606	570	5	14	1000
#record	31	81	62	42	0	132	60	442	100	50	476	94	37	0	0	0	0	0	0	0	0	0	0	0	0	0	0	0	0	632	594	6	15	1000
#record	32	85	65	43	0	137	62	460	103	53	491	97	40	0	0	0	0	0	0	0	0	0	0	0	0	0	0	0	0	657	614	6	15	1000
#record	33	88	68	45	0	141	65	478	107	55	511	101	41	0	0	0	0	0	0	0	0	0	0	0	0	0	0	0	0	682	638	6	16	1000
#record	34	92	70	47	0	146	68	492	110	57	530	104	43	0	0	0	0	0	0	0	0	0	0	0	0	0	0	0	0	703	663	6	16	1000
#record	35	95	73	49	0	150	70	510	114	61	546	107	45	0	0	0	0	0	0	0	0	0	0	0	0	0	0	0	0	728	682	6	17	1000
#record	36	99	76	51	0	156	73	528	117	63	565	110	47	0	0	0	0	0	0	0	0	0	0	0	0	0	0	0	0	754	707	6	17	1000
#record	37	102	79	53	0	161	76	545	121	66	585	114	50	0	0	0	0	0	0	0	0	0	0	0	0	0	0	0	0	779	731	7	18	1000
#record	38	106	82	54	0	165	78	563	124	68	601	117	51	0	0	0	0	0	0	0	0	0	0	0	0	0	0	0	0	804	751	7	18	1000
#record	39	109	84	56	0	170	81	577	127	70	620	120	53	0	0	0	0	0	0	0	0	0	0	0	0	0	0	0	0	825	775	7	19	1000
#record	40	113	87	58	0	174	84	595	131	74	640	124	55	0	0	0	0	0	0	0	0	0	0	0	0	0	0	0	0	850	800	7	19	1000
#record	41	117	90	60	0	180	87	613	135	76	659	127	57	0	0	0	0	0	0	0	0	0	0	0	0	0	0	0	0	875	824	7	20	1000
#record	42	120	93	62	0	185	89	631	138	79	675	130	59	0	0	0	0	0	0	0	0	0	0	0	0	0	0	0	0	901	844	7	20	1000
#record	43	124	96	64	0	189	92	648	142	81	695	134	61	0	0	0	0	0	0	0	0	0	0	0	0	0	0	0	0	926	868	7	21	1000
#record	44	127	98	65	0	194	95	663	145	84	714	137	63	0	0	0	0	0	0	0	0	0	0	0	0	0	0	0	0	947	893	8	21	1000
#record	45	131	101	67	0	198	97	680	148	87	730	140	65	0	0	0	0	0	0	0	0	0	0	0	0	0	0	0	0	972	912	8	22	1000
#record	46	134	104	69	0	204	100	698	152	89	749	143	67	0	0	0	0	0	0	0	0	0	0	0	0	0	0	0	0	997	937	8	22	1000
#record	47	138	107	71	0	209	103	716	156	92	769	147	69	0	0	0	0	0	0	0	0	0	0	0	0	0	0	0	0	1023	961	8	23	1000
#record	48	141	110	73	0	213	105	734	159	95	785	150	72	0	0	0	0	0	0	0	0	0	0	0	0	0	0	0	0	1048	981	8	23	1000
#record	49	145	113	75	0	218	108	751	163	97	804	153	73	0	0	0	0	0	0	0	0	0	0	0	0	0	0	0	0	1074	1005	8	24	1000
#record	50	148	115	76	0	222	111	766	166	100	824	157	75	0	0	0	0	0	0	0	0	0	0	0	0	0	0	0	0	1094	1030	9	24	1000
#record	51	152	118	78	0	228	114	783	169	116	843	160	88	0	0	0	0	0	0	0	0	0	0	0	0	0	0	0	0	1119	1054	9	25	1000
#record	52	155	121	80	0	233	116	801	173	119	859	163	90	0	0	0	0	0	0	0	0	0	0	0	0	0	0	0	0	1145	1074	9	25	1000
#record	53	159	124	82	0	237	119	819	177	121	879	166	92	0	0	0	0	0	0	0	0	0	0	0	0	0	0	0	0	1170	1098	9	26	1000
#record	54	162	127	84	0	242	122	837	180	124	898	170	95	0	0	0	0	0	0	0	0	0	0	0	0	0	0	0	0	1195	1123	9	26	1000
#record	55	166	129	86	0	248	124	851	183	128	914	173	97	0	0	0	0	0	0	0	0	0	0	0	0	0	0	0	0	1216	1142	9	27	1000
#record	56	169	132	87	0	252	127	869	187	130	933	176	99	0	0	0	0	0	0	0	0	0	0	0	0	0	0	0	0	1241	1167	10	27	1000
#record	57	173	135	89	0	257	130	887	190	133	953	180	101	0	0	0	0	0	0	0	0	0	0	0	0	0	0	0	0	1267	1191	10	28	1000
#record	58	176	138	91	0	261	132	904	194	136	969	182	103	0	0	0	0	0	0	0	0	0	0	0	0	0	0	0	0	1292	1211	10	28	1000
#record	59	180	141	93	0	266	135	922	198	139	988	186	107	0	0	0	0	0	0	0	0	0	0	0	0	0	0	0	0	1317	1235	10	29	1000
#record	60	190	148	98	0	279	143	1034	201	191	1113	190	151	0	0	0	0	0	0	0	0	0	0	0	0	0	0	0	0	1477	1391	10	29	1000
#record	61	194	152	100	0	285	146	1048	206	196	1124	194	154	0	0	0	0	0	0	0	0	0	0	0	0	0	0	0	0	1497	1405	10	30	1000
#record	62	198	154	102	0	290	148	1057	209	201	1135	197	158	0	0	0	0	0	0	0	0	0	0	0	0	0	0	0	0	1510	1419	11	30	1000
#record	63	201	157	105	0	294	151	1070	214	207	1150	201	163	0	0	0	0	0	0	0	0	0	0	0	0	0	0	0	0	1529	1437	11	31	1000
#record	64	205	160	106	0	299	154	1079	217	212	1160	205	167	0	0	0	0	0	0	0	0	0	0	0	0	0	0	0	0	1541	1450	11	31	1000
#record	65	209	163	109	0	303	156	1091	222	218	1170	208	172	0	0	0	0	0	0	0	0	0	0	0	0	0	0	0	0	1559	1462	11	32	1000
#record	66	212	165	110	0	308	159	1099	225	222	1183	213	175	0	0	0	0	0	0	0	0	0	0	0	0	0	0	0	0	1570	1479	11	32	1000
#record	67	217	169	113	0	314	162	1111	230	228	1192	216	179	0	0	0	0	0	0	0	0	0	0	0	0	0	0	0	0	1587	1490	11	33	1000
#record	68	222	172	115	0	320	166	1118	233	233	1204	220	184	0	0	0	0	0	0	0	0	0	0	0	0	0	0	0	0	1597	1505	11	33	1000
#record	69	226	176	117	0	326	169	1128	238	239	1212	224	188	0	0	0	0	0	0	0	0	0	0	0	0	0	0	0	0	1612	1515	12	34	1000
#record	70	231	179	120	0	332	172	1135	241	244	1220	227	193	0	0	0	0	0	0	0	0	0	0	0	0	0	0	0	0	1621	1525	12	34	1000
#record	71	236	183	122	0	338	176	1156	245	249	1243	232	196	0	0	0	0	0	0	0	0	0	0	0	0	0	0	0	0	1652	1554	12	35	1000
#record	72	241	186	125	0	344	179	1174	249	254	1263	235	200	0	0	0	0	0	0	0	0	0	0	0	0	0	0	0	0	1677	1579	12	35	1000
#record	73	245	190	127	0	350	182	1195	253	260	1283	239	205	0	0	0	0	0	0	0	0	0	0	0	0	0	0	0	0	1708	1603	12	36	1000
#record	74	250	193	130	0	356	186	1213	257	265	1306	243	209	0	0	0	0	0	0	0	0	0	0	0	0	0	0	0	0	1733	1633	12	36	1000
#record	75	255	197	132	0	362	189	1234	261	271	1326	246	212	0	0	0	0	0	0	0	0	0	0	0	0	0	0	0	0	1763	1657	13	37	1000
#record	76	259	200	135	0	368	193	1252	265	275	1349	250	217	0	0	0	0	0	0	0	0	0	0	0	0	0	0	0	0	1789	1687	13	37	1000
#record	77	264	204	137	0	374	196	1273	269	281	1369	254	221	0	0	0	0	0	0	0	0	0	0	0	0	0	0	0	0	1819	1711	13	38	1000
#record	78	269	207	139	0	380	199	1291	273	286	1389	257	226	0	0	0	0	0	0	0	0	0	0	0	0	0	0	0	0	1844	1736	13	38	1000
#record	79	273	211	142	0	386	203	1312	277	292	1412	262	230	0	0	0	0	0	0	0	0	0	0	0	0	0	0	0	0	1875	1765	13	39	1000
#record	80	278	214	144	0	392	206	1330	281	297	1432	265	233	0	0	0	0	0	0	0	0	0	0	0	0	0	0	0	0	1900	1790	13	39	1000
#record	81	283	218	147	0	398	209	1351	285	301	1451	269	238	0	0	0	0	0	0	0	0	0	0	0	0	0	0	0	0	1931	1814	14	40	1000
#record	82	287	221	149	0	404	213	1369	289	307	1475	273	242	0	0	0	0	0	0	0	0	0	0	0	0	0	0	0	0	1956	1844	14	40	1000
#record	83	292	225	152	0	410	216	1390	293	312	1495	276	246	0	0	0	0	0	0	0	0	0	0	0	0	0	0	0	0	1986	1868	14	41	1000
#record	84	297	228	154	0	416	220	1408	297	318	1518	281	250	0	0	0	0	0	0	0	0	0	0	0	0	0	0	0	0	2012	1898	14	41	1000
#record	85	301	232	157	0	422	223	1429	301	323	1538	284	254	0	0	0	0	0	0	0	0	0	0	0	0	0	0	0	0	2042	1922	14	42	1000
#record	86	306	235	159	0	428	226	1447	305	328	1557	288	259	0	0	0	0	0	0	0	0	0	0	0	0	0	0	0	0	2067	1947	14	42	1000
#record	87	311	239	161	0	434	230	1469	309	333	1581	292	263	0	0	0	0	0	0	0	0	0	0	0	0	0	0	0	0	2098	1976	14	43	1000
#record	88	315	242	164	0	440	233	1486	313	339	1601	295	267	0	0	0	0	0	0	0	0	0	0	0	0	0	0	0	0	2123	2001	15	43	1000
#record	89	320	246	166	0	446	236	1508	317	344	1620	299	271	0	0	0	0	0	0	0	0	0	0	0	0	0	0	0	0	2154	2025	15	44	1000
#record	90	325	249	169	0	452	240	1525	321	350	1644	303	275	0	0	0	0	0	0	0	0	0	0	0	0	0	0	0	0	2179	2055	15	44	1000
#record	91	329	253	171	0	458	243	1547	325	354	1663	307	279	0	0	0	0	0	0	0	0	0	0	0	0	0	0	0	0	2209	2079	15	45	1000
#record	92	334	256	174	0	464	247	1564	329	360	1687	311	284	0	0	0	0	0	0	0	0	0	0	0	0	0	0	0	0	2235	2109	15	45	1000
#record	93	339	260	176	0	470	250	1586	333	365	1707	314	288	0	0	0	0	0	0	0	0	0	0	0	0	0	0	0	0	2265	2133	15	46	1000
#record	94	343	263	179	0	476	253	1603	337	371	1726	318	292	0	0	0	0	0	0	0	0	0	0	0	0	0	0	0	0	2291	2158	16	46	1000
#record	95	348	267	181	0	483	257	1625	341	376	1750	322	296	0	0	0	0	0	0	0	0	0	0	0	0	0	0	0	0	2321	2187	16	47	1000
#record	96	353	270	184	0	489	260	1642	345	381	1769	325	300	0	0	0	0	0	0	0	0	0	0	0	0	0	0	0	0	2346	2212	16	47	1000
#record	97	358	274	186	0	495	263	1664	349	386	1789	329	305	0	0	0	0	0	0	0	0	0	0	0	0	0	0	0	0	2377	2236	16	48	1000
#record	98	362	277	188	0	501	267	1681	353	392	1813	333	308	0	0	0	0	0	0	0	0	0	0	0	0	0	0	0	0	2402	2266	16	48	1000
#record	99	367	281	191	0	507	270	1703	357	397	1832	337	312	0	0	0	0	0	0	0	0	0	0	0	0	0	0	0	0	2432	2290	16	49	1000
#record	100	423	285	193	0	513	274	1724	361	403	2193	341	317	0	0	0	0	0	0	0	0	0	0	0	0	0	0	0	0	2488	2742	17	49	1100
#record	101	429	288	196	0	519	277	1742	365	407	2222	344	321	0	0	0	0	0	0	0	0	0	0	0	0	0	0	0	0	2513	2777	17	50	1095
#record	102	435	292	198	0	525	280	1763	369	413	2250	348	326	0	0	0	0	0	0	0	0	0	0	0	0	0	0	0	0	2539	2812	17	50	1090
#record	103	440	295	201	0	531	284	1781	373	418	2278	352	329	0	0	0	0	0	0	0	0	0	0	0	0	0	0	0	0	2564	2848	17	51	1085
#record	104	446	299	203	0	537	287	1802	377	424	2307	356	333	0	0	0	0	0	0	0	0	0	0	0	0	0	0	0	0	2589	2883	17	51	1080
#record	105	452	302	206	0	543	290	1820	381	429	2335	359	338	0	0	0	0	0	0	0	0	0	0	0	0	0	0	0	0	2615	2919	17	52	1075
#record	106	458	306	208	0	549	294	1841	385	433	2363	363	342	0	0	0	0	0	0	0	0	0	0	0	0	0	0	0	0	2640	2954	17	52	1070
#record	107	463	309	210	0	555	297	1859	389	439	2391	367	347	0	0	0	0	0	0	0	0	0	0	0	0	0	0	0	0	2665	2989	18	53	1065
#record	108	469	313	213	0	561	301	1880	393	444	2420	371	350	0	0	0	0	0	0	0	0	0	0	0	0	0	0	0	0	2691	3025	18	53	1060
#record	109	475	316	215	0	567	304	1898	397	450	2448	375	354	0	0	0	0	0	0	0	0	0	0	0	0	0	0	0	0	2716	3060	18	54	1055
#record	110	481	320	218	0	573	307	1919	401	455	2476	378	359	0	0	0	0	0	0	0	0	0	0	0	0	0	0	0	0	2742	3096	18	54	1050
#record	111	486	323	220	0	579	311	1937	405	460	2505	382	363	0	0	0	0	0	0	0	0	0	0	0	0	0	0	0	0	2767	3131	18	55	1045
#record	112	492	327	223	0	585	314	1958	409	465	2528	386	366	0	0	0	0	0	0	0	0	0	0	0	0	0	0	0	0	2797	3160	18	55	1040
#record	113	497	330	225	0	591	317	1976	413	471	2552	389	371	0	0	0	0	0	0	0	0	0	0	0	0	0	0	0	0	2823	3190	19	56	1035
#record	114	503	334	228	0	597	321	1997	417	476	2580	393	375	0	0	0	0	0	0	0	0	0	0	0	0	0	0	0	0	2853	3225	19	56	1030
#record	115	508	337	230	0	603	324	2015	421	482	2604	397	380	0	0	0	0	0	0	0	0	0	0	0	0	0	0	0	0	2878	3255	19	57	1025
#record	116	513	339	234	0	612	329	2036	425	442	2632	401	409	0	0	0	0	0	0	0	0	0	0	0	0	0	0	0	0	2927	3285	19	57	1025
#record	117	519	343	237	0	620	333	2054	429	447	2655	405	414	0	0	0	0	0	0	0	0	0	0	0	0	0	0	0	0	2955	3317	19	58	1025
#record	118	524	347	241	0	627	336	2075	433	452	2679	408	418	0	0	0	0	0	0	0	0	0	0	0	0	0	0	0	0	2983	3350	19	58	1025
#record	119	530	350	245	0	635	340	2093	437	457	2707	412	423	0	0	0	0	0	0	0	0	0	0	0	0	0	0	0	0	3011	3382	20	59	1025
#record	120	536	354	249	0	642	344	2114	441	462	2731	416	427	0	0	0	0	0	0	0	0	0	0	0	0	0	0	0	0	3039	3414	20	60	1000
#record	121	542	358	253	0	650	348	2132	446	466	2754	421	432	0	0	0	0	0	0	0	0	0	0	0	0	0	0	0	0	3066	3445	20	60	1000
#record	122	548	362	257	0	657	352	2153	451	471	2783	426	436	0	0	0	0	0	0	0	0	0	0	0	0	0	0	0	0	3094	3477	20	61	1000
#record	123	554	366	261	0	666	355	2171	456	476	2806	431	441	0	0	0	0	0	0	0	0	0	0	0	0	0	0	0	0	3122	3510	20	61	1000
#record	124	560	370	264	0	674	359	2192	461	481	2834	436	445	0	0	0	0	0	0	0	0	0	0	0	0	0	0	0	0	3149	3542	20	62	1000
#record	125	566	373	268	0	681	363	2210	466	486	2858	441	449	0	0	0	0	0	0	0	0	0	0	0	0	0	0	0	0	3177	3574	21	62	1000
#record	126	572	377	272	0	689	367	2231	471	490	2881	446	454	0	0	0	0	0	0	0	0	0	0	0	0	0	0	0	0	3205	3607	21	63	1000
#record	127	578	381	276	0	696	370	2249	476	495	2910	451	458	0	0	0	0	0	0	0	0	0	0	0	0	0	0	0	0	3233	3639	21	63	1000
#record	128	584	385	280	0	704	374	2270	481	500	2933	456	463	0	0	0	0	0	0	0	0	0	0	0	0	0	0	0	0	3261	3671	21	64	1000
#record	129	590	389	284	0	711	378	2288	486	505	2957	461	467	0	0	0	0	0	0	0	0	0	0	0	0	0	0	0	0	3289	3704	21	64	1000
#record	130	596	393	288	0	719	382	2309	491	510	2985	466	472	0	0	0	0	0	0	0	0	0	0	0	0	0	0	0	0	3316	3736	21	65	1000
#record	131	602	397	291	0	726	386	2327	496	514	3009	471	476	0	0	0	0	0	0	0	0	0	0	0	0	0	0	0	0	3344	3767	21	65	1000
#record	132	608	400	295	0	734	389	2348	501	519	3037	476	481	0	0	0	0	0	0	0	0	0	0	0	0	0	0	0	0	3372	3799	22	66	1000
#record	133	614	404	299	0	741	393	2366	506	524	3061	481	485	0	0	0	0	0	0	0	0	0	0	0	0	0	0	0	0	3399	3832	22	66	1000
#record	134	620	408	303	0	749	397	2387	511	529	3084	486	489	0	0	0	0	0	0	0	0	0	0	0	0	0	0	0	0	3427	3864	22	67	1000
#record	135	626	411	307	0	756	401	2405	516	534	3112	491	494	0	0	0	0	0	0	0	0	0	0	0	0	0	0	0	0	3455	3896	22	67	1000
#record	136	632	415	311	0	764	404	2426	521	538	3136	496	498	0	0	0	0	0	0	0	0	0	0	0	0	0	0	0	0	3483	3929	22	68	1000
#record	137	638	419	315	0	771	408	2444	526	543	3159	501	503	0	0	0	0	0	0	0	0	0	0	0	0	0	0	0	0	3511	3961	22	68	1000
#record	138	643	423	318	0	779	412	2465	531	548	3188	506	507	0	0	0	0	0	0	0	0	0	0	0	0	0	0	0	0	3539	3993	23	69	1000
#record	139	649	426	322	0	786	416	2483	536	553	3211	511	512	0	0	0	0	0	0	0	0	0	0	0	0	0	0	0	0	3566	4026	23	69	1000
#record	140	655	430	326	0	794	420	2505	541	558	3240	516	516	0	0	0	0	0	0	0	0	0	0	0	0	0	0	0	0	3594	4058	23	70	1000
#record	141	661	434	330	0	801	423	2522	546	562	3263	521	521	0	0	0	0	0	0	0	0	0	0	0	0	0	0	0	0	3622	4089	23	70	1000
#record	142	667	438	334	0	809	427	2544	551	567	3287	526	525	0	0	0	0	0	0	0	0	0	0	0	0	0	0	0	0	3649	4121	23	71	1000
#record	143	673	442	338	0	816	431	2561	556	572	3315	531	529	0	0	0	0	0	0	0	0	0	0	0	0	0	0	0	0	3677	4153	23	71	1000
#record	144	679	446	342	0	824	435	2583	561	577	3338	536	534	0	0	0	0	0	0	0	0	0	0	0	0	0	0	0	0	3705	4186	24	72	1000
#record	145	685	449	345	0	831	438	2600	566	582	3362	541	538	0	0	0	0	0	0	0	0	0	0	0	0	0	0	0	0	3733	4218	24	72	1000
#record	146	691	453	349	0	839	442	2622	571	586	3390	546	543	0	0	0	0	0	0	0	0	0	0	0	0	0	0	0	0	3761	4250	24	73	1000
#record	147	697	457	353	0	846	446	2639	576	591	3414	551	547	0	0	0	0	0	0	0	0	0	0	0	0	0	0	0	0	3789	4283	24	73	1000
#record	148	703	461	357	0	855	450	2661	581	596	3442	556	552	0	0	0	0	0	0	0	0	0	0	0	0	0	0	0	0	3816	4315	24	74	1000
#record	149	709	465	361	0	863	454	2682	586	601	3466	561	556	0	0	0	0	0	0	0	0	0	0	0	0	0	0	0	0	3844	4347	24	74	1000
#record	150	715	469	365	0	870	457	2700	591	606	3489	566	561	0	0	0	0	0	0	0	0	0	0	0	0	0	0	0	0	3872	4380	24	75	1000
																																		
#end																																		
