;		Fight	Parameter																															
#ignore	\o042			; 인용부호 무시																														
#exchange	#	\x20		; # => space																														
;		2005.03.01																																
#table	Param																																	
#columntype	Dword	Dword	Dword	Dword	Dword	Dword	Dword	Dword	Dword	Dword	Dword	Dword	Dword	Dword	Dword	Dword	Dword	Dword	Dword	Dword	Dword	Dword	Dword	Dword	Dword	Dword	Dword	Dword	Dword	Word	Word	DWord	DWord	Word
#columnname	Level	Strength	Constitution	Intelligence	Wizdom	Dexterity	MentalPower	SoulHP	MAXSoulHP	PriceHPStone	SoulSP	MAXSoulSP	PriceSPStone	AtkPerAP	DmgPerAP	MaxPwrStone	NumPwrStone	PricePwrStone	PwrStoneWC	PwrStoneMA	MaxGrdStone	NumGrdStone	PriceGrdStone	GrdStoneAC	GrdStoneMR	PainRes	RestraintRes	CurseRes	ShockRes	MaxHP	MaxSP	CharTitlePt	SkillPwrPt	JobChangeDmgUp
#record	1 	6 	4 	8 	0 	3 	5 	36 	15 	3 	0 	0 	0 	0 	0 	0 	0 	0 	0 	0 	0 	0 	0 	0 	0 	0 	0 	0 	0 	41 	1 	1 	0 	1000 
#record	2 	10 	5 	10 	1 	5 	7 	52 	15 	4 	0 	0 	0 	0 	0 	0 	0 	0 	0 	0 	0 	0 	0 	0 	0 	0 	0 	0 	0 	47 	1 	1 	0 	1000 
#record	3 	12 	7 	11 	2 	7 	9 	63 	17 	6 	0 	0 	0 	0 	0 	0 	0 	0 	0 	0 	0 	0 	0 	0 	0 	0 	0 	0 	0 	59 	1 	1 	1 	1000 
#record	4 	16 	9 	14 	3 	9 	10 	80 	17 	7 	0 	0 	0 	0 	0 	0 	0 	0 	0 	0 	0 	0 	0 	0 	0 	0 	0 	0 	0 	69 	1 	1 	1 	1000 
#record	5 	19 	11 	16 	4 	11 	12 	96 	19 	8 	0 	0 	0 	0 	0 	0 	0 	0 	0 	0 	0 	0 	0 	0 	0 	0 	0 	0 	0 	85 	1 	1 	2 	1000 
#record	6 	22 	12 	17 	5 	13 	14 	113 	20 	9 	0 	0 	0 	0 	0 	0 	0 	0 	0 	0 	0 	0 	0 	0 	0 	0 	0 	0 	0 	96 	1 	2 	2 	1000 
#record	7 	25 	14 	20 	6 	15 	15 	129 	22 	10 	0 	0 	0 	0 	0 	0 	0 	0 	0 	0 	0 	0 	0 	0 	0 	0 	0 	0 	0 	113 	1 	2 	3 	1000 
#record	8 	27 	15 	22 	7 	17 	17 	146 	23 	12 	0 	0 	0 	0 	0 	0 	0 	0 	0 	0 	0 	0 	0 	0 	0 	0 	0 	0 	0 	126 	1 	2 	3 	1000 
#record	9 	29 	16 	24 	8 	19 	19 	158 	25 	13 	0 	0 	0 	0 	0 	0 	0 	0 	0 	0 	0 	0 	0 	0 	0 	0 	0 	0 	0 	142 	1 	2 	4 	1000 
#record	10 	31 	18 	26 	9 	21 	20 	175 	26 	14 	0 	0 	0 	0 	0 	0 	0 	0 	0 	0 	0 	0 	0 	0 	0 	0 	0 	0 	0 	155 	1 	2 	4 	1000 
#record	11 	34 	19 	28 	10 	22 	22 	191 	28 	15 	0 	0 	0 	0 	0 	0 	0 	0 	0 	0 	0 	0 	0 	0 	0 	0 	0 	0 	0 	172 	1 	2 	5 	1000 
#record	12 	37 	21 	30 	11 	24 	24 	208 	29 	16 	0 	0 	0 	0 	0 	0 	0 	0 	0 	0 	0 	0 	0 	0 	0 	0 	0 	0 	0 	185 	1 	3 	5 	1000 
#record	13 	39 	22 	32 	12 	26 	25 	224 	31 	18 	0 	0 	0 	0 	0 	0 	0 	0 	0 	0 	0 	0 	0 	0 	0 	0 	0 	0 	0 	201 	1 	3 	6 	1000 
#record	14 	42 	24 	34 	13 	28 	27 	241 	32 	19 	0 	0 	0 	0 	0 	0 	0 	0 	0 	0 	0 	0 	0 	0 	0 	0 	0 	0 	0 	213 	1 	3 	6 	1000 
#record	15 	44 	24 	36 	14 	30 	29 	253 	34 	20 	0 	0 	0 	0 	0 	0 	0 	0 	0 	0 	0 	0 	0 	0 	0 	0 	0 	0 	0 	230 	1 	3 	7 	1000 
#record	16 	47 	26 	38 	15 	32 	30 	270 	35 	21 	0 	0 	0 	0 	0 	0 	0 	0 	0 	0 	0 	0 	0 	0 	0 	0 	0 	0 	0 	242 	1 	3 	7 	1000 
#record	17 	49 	27 	40 	16 	34 	32 	286 	37 	22 	0 	0 	0 	0 	0 	0 	0 	0 	0 	0 	0 	0 	0 	0 	0 	0 	0 	0 	0 	258 	1 	3 	8 	1000 
#record	18 	51 	29 	42 	17 	36 	34 	303 	38 	24 	0 	0 	0 	0 	0 	0 	0 	0 	0 	0 	0 	0 	0 	0 	0 	0 	0 	0 	0 	271 	1 	4 	8 	1000 
#record	19 	54 	30 	44 	18 	38 	37 	319 	40 	25 	0 	0 	0 	0 	0 	0 	0 	0 	0 	0 	0 	0 	0 	0 	0 	0 	0 	0 	0 	287 	1 	4 	9 	1000 
#record	20 	65 	36 	52 	19 	45 	44 	373 	58 	28 	0 	0 	0 	0 	0 	0 	0 	0 	0 	0 	0 	0 	0 	0 	0 	0 	0 	0 	0 	354 	1 	4 	9 	1000 
#record	21 	67 	39 	55 	20 	48 	48 	392 	61 	32 	0 	0 	0 	0 	0 	0 	0 	0 	0 	0 	0 	0 	0 	0 	0 	0 	0 	0 	0 	371 	1 	4 	10 	1000 
#record	22 	71 	41 	58 	21 	49 	50 	410 	71 	33 	0 	0 	0 	0 	0 	0 	0 	0 	0 	0 	0 	0 	0 	0 	0 	0 	0 	0 	0 	387 	1 	4 	10 	1000 
#record	23 	75 	43 	61 	22 	51 	52 	422 	74 	34 	0 	0 	0 	0 	0 	0 	0 	0 	0 	0 	0 	0 	0 	0 	0 	0 	0 	0 	0 	402 	1 	4 	11 	1000 
#record	24 	78 	45 	64 	23 	52 	55 	438 	86 	34 	0 	0 	0 	0 	0 	0 	0 	0 	0 	0 	0 	0 	0 	0 	0 	0 	0 	0 	0 	417 	1 	4 	11 	1000 
#record	25 	81 	47 	65 	24 	54 	57 	454 	91 	37 	0 	0 	0 	0 	0 	0 	0 	0 	0 	0 	0 	0 	0 	0 	0 	0 	0 	0 	0 	430 	1 	5 	12 	1000 
#record	26 	86 	50 	69 	25 	57 	60 	473 	94 	40 	0 	0 	0 	0 	0 	0 	0 	0 	0 	0 	0 	0 	0 	0 	0 	0 	0 	0 	0 	444 	1 	5 	12 	1000 
#record	27 	90 	53 	73 	26 	59 	63 	497 	111 	43 	0 	0 	0 	0 	0 	0 	0 	0 	0 	0 	0 	0 	0 	0 	0 	0 	0 	0 	0 	455 	1 	5 	13 	1000 
#record	28 	94 	55 	77 	27 	62 	67 	517 	115 	46 	0 	0 	0 	0 	0 	0 	0 	0 	0 	0 	0 	0 	0 	0 	0 	0 	0 	0 	0 	471 	1 	5 	13 	1000 
#record	29 	99 	58 	80 	28 	65 	70 	540 	120 	48 	0 	0 	0 	0 	0 	0 	0 	0 	0 	0 	0 	0 	0 	0 	0 	0 	0 	0 	0 	491 	1 	5 	14 	1000 
#record	30 	104 	61 	84 	29 	67 	73 	564 	125 	51 	0 	0 	0 	0 	0 	0 	0 	0 	0 	0 	0 	0 	0 	0 	0 	0 	0 	0 	0 	510 	1 	5 	14 	1000 
#record	31 	107 	63 	87 	30 	70 	77 	584 	129 	54 	0 	0 	0 	0 	0 	0 	0 	0 	0 	0 	0 	0 	0 	0 	0 	0 	0 	0 	0 	530 	1 	6 	15 	1000 
#record	32 	112 	66 	91 	31 	72 	80 	607 	133 	57 	0 	0 	0 	0 	0 	0 	0 	0 	0 	0 	0 	0 	0 	0 	0 	0 	0 	0 	0 	550 	1 	6 	15 	1000 
#record	33 	117 	69 	94 	32 	75 	83 	631 	138 	60 	0 	0 	0 	0 	0 	0 	0 	0 	0 	0 	0 	0 	0 	0 	0 	0 	0 	0 	0 	570 	1 	6 	16 	1000 
#record	34 	121 	72 	98 	33 	78 	87 	650 	142 	63 	0 	0 	0 	0 	0 	0 	0 	0 	0 	0 	0 	0 	0 	0 	0 	0 	0 	0 	0 	590 	1 	6 	16 	1000 
#record	35 	125 	75 	102 	34 	80 	90 	674 	147 	66 	0 	0 	0 	0 	0 	0 	0 	0 	0 	0 	0 	0 	0 	0 	0 	0 	0 	0 	0 	609 	1 	6 	17 	1000 
#record	36 	130 	78 	106 	35 	83 	93 	697 	152 	69 	0 	0 	0 	0 	0 	0 	0 	0 	0 	0 	0 	0 	0 	0 	0 	0 	0 	0 	0 	628 	1 	6 	17 	1000 
#record	37 	134 	80 	109 	36 	86 	97 	718 	156 	72 	0 	0 	0 	0 	0 	0 	0 	0 	0 	0 	0 	0 	0 	0 	0 	0 	0 	0 	0 	648 	1 	7 	18 	1000 
#record	38 	139 	83 	112 	37 	88 	100 	741 	161 	74 	0 	0 	0 	0 	0 	0 	0 	0 	0 	0 	0 	0 	0 	0 	0 	0 	0 	0 	0 	667 	1 	7 	18 	1000 
#record	39 	143 	86 	116 	38 	91 	103 	764 	166 	77 	0 	0 	0 	0 	0 	0 	0 	0 	0 	0 	0 	0 	0 	0 	0 	0 	0 	0 	0 	682 	1 	7 	19 	1000 
#record	40 	148 	88 	120 	39 	93 	107 	784 	170 	80 	0 	0 	0 	0 	0 	0 	0 	0 	0 	0 	0 	0 	0 	0 	0 	0 	0 	0 	0 	701 	1 	7 	19 	1000 
#record	41 	152 	91 	124 	40 	96 	110 	808 	174 	83 	0 	0 	0 	0 	0 	0 	0 	0 	0 	0 	0 	0 	0 	0 	0 	0 	0 	0 	0 	720 	1 	7 	20 	1000 
#record	42 	157 	94 	127 	41 	99 	113 	831 	179 	86 	0 	0 	0 	0 	0 	0 	0 	0 	0 	0 	0 	0 	0 	0 	0 	0 	0 	0 	0 	739 	1 	7 	20 	1000 
#record	43 	162 	97 	131 	42 	101 	117 	851 	183 	89 	0 	0 	0 	0 	0 	0 	0 	0 	0 	0 	0 	0 	0 	0 	0 	0 	0 	0 	0 	758 	1 	7 	21 	1000 
#record	44 	165 	100 	135 	43 	104 	120 	874 	188 	92 	0 	0 	0 	0 	0 	0 	0 	0 	0 	0 	0 	0 	0 	0 	0 	0 	0 	0 	0 	777 	1 	8 	21 	1000 
#record	45 	170 	102 	138 	44 	107 	123 	895 	192 	95 	0 	0 	0 	0 	0 	0 	0 	0 	0 	0 	0 	0 	0 	0 	0 	0 	0 	0 	0 	796 	1 	8 	22 	1000 
#record	46 	175 	105 	141 	45 	109 	127 	918 	197 	97 	0 	0 	0 	0 	0 	0 	0 	0 	0 	0 	0 	0 	0 	0 	0 	0 	0 	0 	0 	815 	1 	8 	22 	1000 
#record	47 	179 	108 	145 	46 	112 	130 	942 	202 	100 	0 	0 	0 	0 	0 	0 	0 	0 	0 	0 	0 	0 	0 	0 	0 	0 	0 	0 	0 	833 	1 	8 	23 	1000 
#record	48 	183 	110 	149 	47 	114 	133 	961 	206 	103 	0 	0 	0 	0 	0 	0 	0 	0 	0 	0 	0 	0 	0 	0 	0 	0 	0 	0 	0 	851 	1 	8 	23 	1000 
#record	49 	188 	114 	153 	48 	117 	137 	985 	211 	106 	0 	0 	0 	0 	0 	0 	0 	0 	0 	0 	0 	0 	0 	0 	0 	0 	0 	0 	0 	869 	1 	8 	24 	1000 
#record	50 	193 	117 	156 	49 	120 	140 	1009 	215 	109 	0 	0 	0 	0 	0 	0 	0 	0 	0 	0 	0 	0 	0 	0 	0 	0 	0 	0 	0 	887 	1 	9 	24 	1000 
#record	51 	197 	119 	160 	50 	122 	143 	1028 	219 	126 	0 	0 	0 	0 	0 	0 	0 	0 	0 	0 	0 	0 	0 	0 	0 	0 	0 	0 	0 	906 	1 	9 	25 	1000 
#record	52 	201 	122 	163 	51 	125 	147 	1052 	224 	129 	0 	0 	0 	0 	0 	0 	0 	0 	0 	0 	0 	0 	0 	0 	0 	0 	0 	0 	0 	924 	1 	9 	25 	1000 
#record	53 	206 	125 	167 	52 	128 	150 	1075 	229 	132 	0 	0 	0 	0 	0 	0 	0 	0 	0 	0 	0 	0 	0 	0 	0 	0 	0 	0 	0 	942 	1 	9 	26 	1000 
#record	54 	210 	127 	171 	53 	130 	153 	1096 	233 	136 	0 	0 	0 	0 	0 	0 	0 	0 	0 	0 	0 	0 	0 	0 	0 	0 	0 	0 	0 	960 	1 	9 	26 	1000 
#record	55 	215 	130 	174 	54 	133 	157 	1119 	238 	139 	0 	0 	0 	0 	0 	0 	0 	0 	0 	0 	0 	0 	0 	0 	0 	0 	0 	0 	0 	978 	1 	9 	27 	1000 
#record	56 	219 	133 	178 	55 	135 	160 	1142 	243 	142 	0 	0 	0 	0 	0 	0 	0 	0 	0 	0 	0 	0 	0 	0 	0 	0 	0 	0 	0 	996 	1 	10 	27 	1000 
#record	57 	223 	136 	182 	56 	138 	163 	1162 	247 	145 	0 	0 	0 	0 	0 	0 	0 	0 	0 	0 	0 	0 	0 	0 	0 	0 	0 	0 	0 	1013 	1 	10 	28 	1000 
#record	58 	228 	139 	185 	57 	141 	167 	1186 	252 	149 	0 	0 	0 	0 	0 	0 	0 	0 	0 	0 	0 	0 	0 	0 	0 	0 	0 	0 	0 	1031 	1 	10 	28 	1000 
#record	59 	233 	142 	188 	58 	143 	170 	1209 	256 	152 	0 	0 	0 	0 	0 	0 	0 	0 	0 	0 	0 	0 	0 	0 	0 	0 	0 	0 	0 	1049 	1 	10 	29 	1000 
#record	60 	251 	152 	200 	59 	151 	179 	1356 	261 	208 	0 	0 	0 	0 	0 	0 	0 	0 	0 	0 	0 	0 	0 	0 	0 	0 	0 	0 	0 	1532 	1 	10 	29 	1000 
#record	61 	254 	155 	204 	60 	154 	182 	1373 	267 	214 	0 	0 	0 	0 	0 	0 	0 	0 	0 	0 	0 	0 	0 	0 	0 	0 	0 	0 	0 	1565 	1 	10 	30 	1000 
#record	62 	258 	156 	207 	61 	156 	186 	1386 	271 	220 	0 	0 	0 	0 	0 	0 	0 	0 	0 	0 	0 	0 	0 	0 	0 	0 	0 	0 	0 	1595 	1 	11 	30 	1000 
#record	63 	261 	158 	211 	62 	159 	189 	1401 	277 	226 	0 	0 	0 	0 	0 	0 	0 	0 	0 	0 	0 	0 	0 	0 	0 	0 	0 	0 	0 	1628 	1 	11 	31 	1000 
#record	64 	265 	160 	215 	63 	162 	193 	1414 	282 	231 	0 	0 	0 	0 	0 	0 	0 	0 	0 	0 	0 	0 	0 	0 	0 	0 	0 	0 	0 	1657 	1 	11 	31 	1000 
#record	65 	268 	162 	218 	64 	164 	196 	1428 	287 	237 	0 	0 	0 	0 	0 	0 	0 	0 	0 	0 	0 	0 	0 	0 	0 	0 	0 	0 	0 	1690 	1 	11 	32 	1000 
#record	66 	275 	165 	223 	65 	166 	199 	1439 	292 	243 	0 	0 	0 	0 	0 	0 	0 	0 	0 	0 	0 	0 	0 	0 	0 	0 	0 	0 	0 	1720 	1 	11 	32 	1000 
#record	67 	280 	169 	227 	66 	170 	203 	1453 	297 	249 	0 	0 	0 	0 	0 	0 	0 	0 	0 	0 	0 	0 	0 	0 	0 	0 	0 	0 	0 	1753 	1 	11 	33 	1000 
#record	68 	286 	173 	233 	67 	173 	207 	1467 	303 	254 	0 	0 	0 	0 	0 	0 	0 	0 	0 	0 	0 	0 	0 	0 	0 	0 	0 	0 	0 	1787 	1 	11 	33 	1000 
#record	69 	292 	176 	237 	68 	176 	211 	1476 	308 	260 	0 	0 	0 	0 	0 	0 	0 	0 	0 	0 	0 	0 	0 	0 	0 	0 	0 	0 	0 	1816 	1 	12 	34 	1000 
#record	70 	298 	180 	242 	69 	180 	216 	1488 	313 	266 	0 	0 	0 	0 	0 	0 	0 	0 	0 	0 	0 	0 	0 	0 	0 	0 	0 	0 	0 	1850 	1 	12 	34 	1000 
#record	71 	304 	183 	247 	70 	183 	220 	1511 	318 	272 	0 	0 	0 	0 	0 	0 	0 	0 	0 	0 	0 	0 	0 	0 	0 	0 	0 	0 	0 	1878 	1 	12 	35 	1000 
#record	72 	310 	187 	252 	71 	186 	224 	1539 	324 	277 	0 	0 	0 	0 	0 	0 	0 	0 	0 	0 	0 	0 	0 	0 	0 	0 	0 	0 	0 	1912 	1 	12 	35 	1000 
#record	73 	316 	190 	256 	72 	189 	228 	1562 	328 	283 	0 	0 	0 	0 	0 	0 	0 	0 	0 	0 	0 	0 	0 	0 	0 	0 	0 	0 	0 	1941 	1 	12 	36 	1000 
#record	74 	322 	194 	261 	73 	193 	232 	1589 	334 	289 	0 	0 	0 	0 	0 	0 	0 	0 	0 	0 	0 	0 	0 	0 	0 	0 	0 	0 	0 	1975 	1 	12 	36 	1000 
#record	75 	328 	197 	266 	74 	196 	236 	1616 	339 	295 	0 	0 	0 	0 	0 	0 	0 	0 	0 	0 	0 	0 	0 	0 	0 	0 	0 	0 	0 	2009 	1 	13 	37 	1000 
#record	76 	333 	200 	271 	75 	199 	240 	1639 	344 	300 	0 	0 	0 	0 	0 	0 	0 	0 	0 	0 	0 	0 	0 	0 	0 	0 	0 	0 	0 	2038 	1 	13 	37 	1000 
#record	77 	340 	204 	276 	76 	203 	245 	1667 	350 	306 	0 	0 	0 	0 	0 	0 	0 	0 	0 	0 	0 	0 	0 	0 	0 	0 	0 	0 	0 	2071 	1 	13 	38 	1000 
#record	78 	346 	207 	280 	77 	206 	249 	1690 	354 	312 	0 	0 	0 	0 	0 	0 	0 	0 	0 	0 	0 	0 	0 	0 	0 	0 	0 	0 	0 	2100 	1 	13 	38 	1000 
#record	79 	352 	211 	285 	78 	209 	253 	1717 	360 	318 	0 	0 	0 	0 	0 	0 	0 	0 	0 	0 	0 	0 	0 	0 	0 	0 	0 	0 	0 	2134 	1 	13 	39 	1000 
#record	80 	357 	214 	290 	79 	212 	257 	1740 	365 	324 	0 	0 	0 	0 	0 	0 	0 	0 	0 	0 	0 	0 	0 	0 	0 	0 	0 	0 	0 	2163 	1 	13 	39 	1000 
#record	81 	364 	218 	295 	80 	216 	261 	1768 	370 	329 	0 	0 	0 	0 	0 	0 	0 	0 	0 	0 	0 	0 	0 	0 	0 	0 	0 	0 	0 	2197 	1 	14 	40 	1000 
#record	82 	370 	221 	300 	81 	219 	265 	1791 	375 	335 	0 	0 	0 	0 	0 	0 	0 	0 	0 	0 	0 	0 	0 	0 	0 	0 	0 	0 	0 	2225 	1 	14 	40 	1000 
#record	83 	375 	225 	305 	82 	222 	270 	1818 	381 	341 	0 	0 	0 	0 	0 	0 	0 	0 	0 	0 	0 	0 	0 	0 	0 	0 	0 	0 	0 	2259 	1 	14 	41 	1000 
#record	84 	381 	229 	309 	83 	226 	274 	1845 	386 	347 	0 	0 	0 	0 	0 	0 	0 	0 	0 	0 	0 	0 	0 	0 	0 	0 	0 	0 	0 	2292 	1 	14 	41 	1000 
#record	85 	388 	232 	315 	84 	229 	278 	1868 	391 	352 	0 	0 	0 	0 	0 	0 	0 	0 	0 	0 	0 	0 	0 	0 	0 	0 	0 	0 	0 	2322 	1 	14 	42 	1000 
#record	86 	393 	235 	319 	85 	232 	282 	1895 	396 	358 	0 	0 	0 	0 	0 	0 	0 	0 	0 	0 	0 	0 	0 	0 	0 	0 	0 	0 	0 	2355 	1 	14 	42 	1000 
#record	87 	399 	238 	324 	86 	235 	286 	1919 	401 	364 	0 	0 	0 	0 	0 	0 	0 	0 	0 	0 	0 	0 	0 	0 	0 	0 	0 	0 	0 	2385 	1 	14 	43 	1000 
#record	88 	405 	242 	329 	87 	239 	290 	1945 	407 	370 	0 	0 	0 	0 	0 	0 	0 	0 	0 	0 	0 	0 	0 	0 	0 	0 	0 	0 	0 	2418 	1 	15 	43 	1000 
#record	89 	411 	245 	334 	88 	242 	295 	1969 	411 	375 	0 	0 	0 	0 	0 	0 	0 	0 	0 	0 	0 	0 	0 	0 	0 	0 	0 	0 	0 	2447 	1 	15 	44 	1000 
#record	90 	417 	249 	338 	89 	245 	299 	1996 	417 	381 	0 	0 	0 	0 	0 	0 	0 	0 	0 	0 	0 	0 	0 	0 	0 	0 	0 	0 	0 	2480 	1 	15 	44 	1000 
#record	91 	423 	252 	344 	90 	249 	303 	2020 	422 	387 	0 	0 	0 	0 	0 	0 	0 	0 	0 	0 	0 	0 	0 	0 	0 	0 	0 	0 	0 	2510 	1 	15 	45 	1000 
#record	92 	429 	256 	348 	91 	252 	307 	2046 	427 	393 	0 	0 	0 	0 	0 	0 	0 	0 	0 	0 	0 	0 	0 	0 	0 	0 	0 	0 	0 	2543 	1 	15 	45 	1000 
#record	93 	435 	260 	353 	92 	255 	311 	2073 	433 	398 	0 	0 	0 	0 	0 	0 	0 	0 	0 	0 	0 	0 	0 	0 	0 	0 	0 	0 	0 	2577 	1 	15 	46 	1000 
#record	94 	441 	263 	358 	93 	258 	315 	2097 	437 	404 	0 	0 	0 	0 	0 	0 	0 	0 	0 	0 	0 	0 	0 	0 	0 	0 	0 	0 	0 	2606 	1 	16 	46 	1000 
#record	95 	447 	267 	363 	94 	262 	319 	2124 	443 	410 	0 	0 	0 	0 	0 	0 	0 	0 	0 	0 	0 	0 	0 	0 	0 	0 	0 	0 	0 	2640 	1 	16 	47 	1000 
#record	96 	453 	270 	367 	95 	265 	324 	2147 	448 	416 	0 	0 	0 	0 	0 	0 	0 	0 	0 	0 	0 	0 	0 	0 	0 	0 	0 	0 	0 	2668 	1 	16 	47 	1000 
#record	97 	459 	274 	372 	96 	268 	328 	2174 	453 	421 	0 	0 	0 	0 	0 	0 	0 	0 	0 	0 	0 	0 	0 	0 	0 	0 	0 	0 	0 	2702 	1 	16 	48 	1000 
#record	98 	465 	277 	377 	97 	271 	332 	2197 	458 	427 	0 	0 	0 	0 	0 	0 	0 	0 	0 	0 	0 	0 	0 	0 	0 	0 	0 	0 	0 	2731 	1 	16 	48 	1000 
#record	99 	470 	280 	382 	98 	275 	336 	2225 	464 	433 	0 	0 	0 	0 	0 	0 	0 	0 	0 	0 	0 	0 	0 	0 	0 	0 	0 	0 	0 	2765 	1 	16 	49 	1000 
#record	100 	563 	309 	458 	99 	278 	340 	2685 	469 	439 	0 	0 	0 	0 	0 	0 	0 	0 	0 	0 	0 	0 	0 	0 	0 	0 	0 	0 	0 	2941 	1 	17 	49 	1100 
#record	101 	571 	312 	464 	100 	281 	344 	2717 	474 	444 	0 	0 	0 	0 	0 	0 	0 	0 	0 	0 	0 	0 	0 	0 	0 	0 	0 	0 	0 	2963 	1 	17 	50 	1095 
#record	102 	580 	315 	470 	101 	285 	349 	2749 	479 	450 	0 	0 	0 	0 	0 	0 	0 	0 	0 	0 	0 	0 	0 	0 	0 	0 	0 	0 	0 	2988 	1 	17 	50 	1090 
#record	103 	587 	318 	477 	102 	288 	353 	2781 	484 	456 	0 	0 	0 	0 	0 	0 	0 	0 	0 	0 	0 	0 	0 	0 	0 	0 	0 	0 	0 	3010 	1 	17 	51 	1085 
#record	104 	595 	322 	483 	103 	291 	357 	2813 	490 	462 	0 	0 	0 	0 	0 	0 	0 	0 	0 	0 	0 	0 	0 	0 	0 	0 	0 	0 	0 	3036 	1 	17 	51 	1080 
#record	105 	603 	325 	489 	104 	294 	361 	2845 	494 	468 	0 	0 	0 	0 	0 	0 	0 	0 	0 	0 	0 	0 	0 	0 	0 	0 	0 	0 	0 	3058 	1 	17 	52 	1075 
#record	106 	611 	329 	496 	105 	298 	365 	2877 	500 	473 	0 	0 	0 	0 	0 	0 	0 	0 	0 	0 	0 	0 	0 	0 	0 	0 	0 	0 	0 	3084 	1 	17 	52 	1070 
#record	107 	619 	332 	502 	106 	301 	369 	2909 	505 	479 	0 	0 	0 	0 	0 	0 	0 	0 	0 	0 	0 	0 	0 	0 	0 	0 	0 	0 	0 	3105 	1 	18 	53 	1065 
#record	108 	627 	336 	509 	107 	304 	373 	2941 	510 	485 	0 	0 	0 	0 	0 	0 	0 	0 	0 	0 	0 	0 	0 	0 	0 	0 	0 	0 	0 	3131 	1 	18 	53 	1060 
#record	109 	635 	340 	515 	108 	308 	378 	2973 	516 	491 	0 	0 	0 	0 	0 	0 	0 	0 	0 	0 	0 	0 	0 	0 	0 	0 	0 	0 	0 	3156 	1 	18 	54 	1055 
#record	110 	643 	343 	521 	109 	311 	382 	3005 	521 	496 	0 	0 	0 	0 	0 	0 	0 	0 	0 	0 	0 	0 	0 	0 	0 	0 	0 	0 	0 	3179 	1 	18 	54 	1050 
#record	111 	651 	347 	528 	110 	314 	386 	3037 	526 	502 	0 	0 	0 	0 	0 	0 	0 	0 	0 	0 	0 	0 	0 	0 	0 	0 	0 	0 	0 	3204 	1 	18 	55 	1045 
#record	112 	657 	350 	534 	111 	317 	390 	3065 	531 	508 	0 	0 	0 	0 	0 	0 	0 	0 	0 	0 	0 	0 	0 	0 	0 	0 	0 	0 	0 	3226 	1 	18 	55 	1040 
#record	113 	665 	354 	539 	112 	321 	394 	3097 	536 	514 	0 	0 	0 	0 	0 	0 	0 	0 	0 	0 	0 	0 	0 	0 	0 	0 	0 	0 	0 	3251 	1 	19 	56 	1035 
#record	114 	672 	357 	546 	113 	324 	398 	3126 	541 	519 	0 	0 	0 	0 	0 	0 	0 	0 	0 	0 	0 	0 	0 	0 	0 	0 	0 	0 	0 	3274 	1 	19 	56 	1030 
#record	115 	679 	360 	551 	114 	327 	403 	3158 	547 	525 	0 	0 	0 	0 	0 	0 	0 	0 	0 	0 	0 	0 	0 	0 	0 	0 	0 	0 	0 	3299 	1 	19 	57 	1025 
#record	116 	687 	365 	560 	0 	330 	407 	3186 	551 	531 	0 	0 	0 	0 	0 	0 	0 	0 	0 	0 	0 	0 	0 	0 	0 	0 	0 	0 	0 	3331 	1 	19 	57 	1025 
#record	117 	695 	370 	569 	0 	335 	412 	3218 	557 	537 	0 	0 	0 	0 	0 	0 	0 	0 	0 	0 	0 	0 	0 	0 	0 	0 	0 	0 	0 	3363 	1 	19 	58 	1025 
#record	118 	703 	374 	579 	0 	339 	417 	3251 	562 	542 	0 	0 	0 	0 	0 	0 	0 	0 	0 	0 	0 	0 	0 	0 	0 	0 	0 	0 	0 	3394 	1 	19 	58 	1025 
#record	119 	711 	377 	588 	0 	343 	421 	3279 	567 	548 	0 	0 	0 	0 	0 	0 	0 	0 	0 	0 	0 	0 	0 	0 	0 	0 	0 	0 	0 	3426 	1 	20 	59 	1025 
#record	120 	719 	382 	597 	0 	347 	426 	3311 	573 	554 	0 	0 	0 	0 	0 	0 	0 	0 	0 	0 	0 	0 	0 	0 	0 	0 	0 	0 	0 	3458 	1 	20 	60 	1000 
#record	121 	727 	386 	607 	0 	351 	431 	3339 	578 	560 	0 	0 	0 	0 	0 	0 	0 	0 	0 	0 	0 	0 	0 	0 	0 	0 	0 	0 	0 	3489 	1 	20 	60 	1000 
#record	122 	735 	390 	616 	0 	355 	435 	3372 	583 	565 	0 	0 	0 	0 	0 	0 	0 	0 	0 	0 	0 	0 	0 	0 	0 	0 	0 	0 	0 	3521 	1 	20 	61 	1000 
#record	123 	743 	394 	625 	0 	359 	440 	3399 	588 	571 	0 	0 	0 	0 	0 	0 	0 	0 	0 	0 	0 	0 	0 	0 	0 	0 	0 	0 	0 	3553 	1 	20 	61 	1000 
#record	124 	751 	398 	634 	0 	363 	445 	3432 	593 	577 	0 	0 	0 	0 	0 	0 	0 	0 	0 	0 	0 	0 	0 	0 	0 	0 	0 	0 	0 	3584 	1 	20 	62 	1000 
#record	125 	759 	402 	644 	0 	367 	449 	3465 	598 	583 	0 	0 	0 	0 	0 	0 	0 	0 	0 	0 	0 	0 	0 	0 	0 	0 	0 	0 	0 	3615 	1 	21 	62 	1000 
#record	126 	767 	406 	653 	0 	371 	454 	3493 	603 	588 	0 	0 	0 	0 	0 	0 	0 	0 	0 	0 	0 	0 	0 	0 	0 	0 	0 	0 	0 	3647 	1 	21 	63 	1000 
#record	127 	775 	410 	662 	0 	375 	459 	3525 	608 	594 	0 	0 	0 	0 	0 	0 	0 	0 	0 	0 	0 	0 	0 	0 	0 	0 	0 	0 	0 	3679 	1 	21 	63 	1000 
#record	128 	783 	414 	671 	0 	379 	463 	3553 	613 	600 	0 	0 	0 	0 	0 	0 	0 	0 	0 	0 	0 	0 	0 	0 	0 	0 	0 	0 	0 	3711 	1 	21 	64 	1000 
#record	129 	791 	419 	681 	0 	384 	468 	3586 	618 	606 	0 	0 	0 	0 	0 	0 	0 	0 	0 	0 	0 	0 	0 	0 	0 	0 	0 	0 	0 	3742 	1 	21 	64 	1000 
#record	130 	799 	423 	690 	0 	388 	473 	3614 	623 	612 	0 	0 	0 	0 	0 	0 	0 	0 	0 	0 	0 	0 	0 	0 	0 	0 	0 	0 	0 	3774 	1 	21 	65 	1000 
#record	131 	807 	427 	699 	0 	392 	477 	3646 	628 	617 	0 	0 	0 	0 	0 	0 	0 	0 	0 	0 	0 	0 	0 	0 	0 	0 	0 	0 	0 	3806 	1 	21 	65 	1000 
#record	132 	815 	431 	708 	0 	396 	482 	3674 	633 	623 	0 	0 	0 	0 	0 	0 	0 	0 	0 	0 	0 	0 	0 	0 	0 	0 	0 	0 	0 	3837 	1 	22 	66 	1000 
#record	133 	823 	435 	718 	0 	400 	487 	3707 	638 	629 	0 	0 	0 	0 	0 	0 	0 	0 	0 	0 	0 	0 	0 	0 	0 	0 	0 	0 	0 	3868 	1 	22 	66 	1000 
#record	134 	831 	439 	727 	0 	404 	491 	3739 	643 	635 	0 	0 	0 	0 	0 	0 	0 	0 	0 	0 	0 	0 	0 	0 	0 	0 	0 	0 	0 	3900 	1 	22 	67 	1000 
#record	135 	839 	443 	736 	0 	408 	496 	3767 	648 	640 	0 	0 	0 	0 	0 	0 	0 	0 	0 	0 	0 	0 	0 	0 	0 	0 	0 	0 	0 	3932 	1 	22 	67 	1000 
#record	136 	847 	447 	745 	0 	412 	501 	3799 	653 	646 	0 	0 	0 	0 	0 	0 	0 	0 	0 	0 	0 	0 	0 	0 	0 	0 	0 	0 	0 	3963 	1 	22 	68 	1000 
#record	137 	855 	452 	755 	0 	416 	505 	3828 	658 	652 	0 	0 	0 	0 	0 	0 	0 	0 	0 	0 	0 	0 	0 	0 	0 	0 	0 	0 	0 	3995 	1 	22 	68 	1000 
#record	138 	863 	456 	764 	0 	420 	510 	3860 	663 	658 	0 	0 	0 	0 	0 	0 	0 	0 	0 	0 	0 	0 	0 	0 	0 	0 	0 	0 	0 	4027 	1 	23 	69 	1000 
#record	139 	871 	459 	773 	0 	424 	515 	3888 	668 	663 	0 	0 	0 	0 	0 	0 	0 	0 	0 	0 	0 	0 	0 	0 	0 	0 	0 	0 	0 	4058 	1 	23 	69 	1000 
#record	140 	879 	463 	782 	0 	428 	519 	3920 	673 	669 	0 	0 	0 	0 	0 	0 	0 	0 	0 	0 	0 	0 	0 	0 	0 	0 	0 	0 	0 	4089 	1 	23 	70 	1000 
#record	141 	887 	468 	792 	0 	432 	524 	3949 	678 	675 	0 	0 	0 	0 	0 	0 	0 	0 	0 	0 	0 	0 	0 	0 	0 	0 	0 	0 	0 	4121 	1 	23 	70 	1000 
#record	142 	895 	472 	801 	0 	437 	529 	3981 	683 	681 	0 	0 	0 	0 	0 	0 	0 	0 	0 	0 	0 	0 	0 	0 	0 	0 	0 	0 	0 	4153 	1 	23 	71 	1000 
#record	143 	903 	476 	810 	0 	441 	534 	4014 	688 	686 	0 	0 	0 	0 	0 	0 	0 	0 	0 	0 	0 	0 	0 	0 	0 	0 	0 	0 	0 	4184 	1 	23 	71 	1000 
#record	144 	911 	480 	820 	0 	445 	538 	4041 	693 	692 	0 	0 	0 	0 	0 	0 	0 	0 	0 	0 	0 	0 	0 	0 	0 	0 	0 	0 	0 	4216 	1 	24 	72 	1000 
#record	145 	919 	484 	829 	0 	449 	543 	4074 	698 	698 	0 	0 	0 	0 	0 	0 	0 	0 	0 	0 	0 	0 	0 	0 	0 	0 	0 	0 	0 	4248 	1 	24 	72 	1000 
#record	146 	927 	488 	838 	0 	453 	548 	4102 	703 	704 	0 	0 	0 	0 	0 	0 	0 	0 	0 	0 	0 	0 	0 	0 	0 	0 	0 	0 	0 	4279 	1 	24 	73 	1000 
#record	147 	935 	492 	847 	0 	457 	552 	4134 	708 	709 	0 	0 	0 	0 	0 	0 	0 	0 	0 	0 	0 	0 	0 	0 	0 	0 	0 	0 	0 	4311 	1 	24 	73 	1000 
#record	148 	943 	496 	857 	0 	461 	557 	4162 	713 	715 	0 	0 	0 	0 	0 	0 	0 	0 	0 	0 	0 	0 	0 	0 	0 	0 	0 	0 	0 	4343 	1 	24 	74 	1000 
#record	149 	951 	501 	866 	0 	465 	562 	4195 	718 	721 	0 	0 	0 	0 	0 	0 	0 	0 	0 	0 	0 	0 	0 	0 	0 	0 	0 	0 	0 	4374 	1 	24 	74 	1000 
#record	150 	959 	505 	875 	0 	469 	566 	4228 	723 	727 	0 	0 	0 	0 	0 	0 	0 	0 	0 	0 	0 	0 	0 	0 	0 	0 	0 	0 	0 	4406 	1 	24 	75 	1000 
																																		
#end																																		
