;		Fight	Parameter																															
#ignore	\o042			; 인용부호 무시																														
#exchange	#	\x20		; # => space																														
;		2005.03.01																																
#table	Param																																	
#columntype	Dword	Dword	Dword	Dword	Dword	Dword	Dword	Dword	Dword	Dword	Dword	Dword	Dword	Dword	Dword	Dword	Dword	Dword	Dword	Dword	Dword	Dword	Dword	Dword	Dword	Dword	Dword	Dword	Dword	Word	Word	DWord	DWord	Word
#columnname	Level	Strength	Constitution	Intelligence	Wizdom	Dexterity	MentalPower	SoulHP	MAXSoulHP	PriceHPStone	SoulSP	MAXSoulSP	PriceSPStone	AtkPerAP	DmgPerAP	MaxPwrStone	NumPwrStone	PricePwrStone	PwrStoneWC	PwrStoneMA	MaxGrdStone	NumGrdStone	PriceGrdStone	GrdStoneAC	GrdStoneMR	PainRes	RestraintRes	CurseRes	ShockRes	MaxHP	MaxSP	CharTitlePt	SkillPwrPt	JobChangeDmgUp
#record	1 	6 	4 	8 	0 	3 	1 	36 	15 	3 	0 	0 	0 	0 	0 	0 	0 	0 	0 	0 	0 	0 	0 	0 	0 	0 	0 	0 	0 	41 	1 	1 	0 	1000 
#record	2 	10 	5 	10 	0 	5 	2 	52 	15 	4 	0 	0 	0 	0 	0 	0 	0 	0 	0 	0 	0 	0 	0 	0 	0 	0 	0 	0 	0 	47 	1 	1 	0 	1000 
#record	3 	12 	7 	11 	0 	7 	3 	63 	17 	6 	0 	0 	0 	0 	0 	0 	0 	0 	0 	0 	0 	0 	0 	0 	0 	0 	0 	0 	0 	59 	1 	1 	1 	1000 
#record	4 	16 	9 	14 	0 	8 	4 	80 	17 	7 	0 	0 	0 	0 	0 	0 	0 	0 	0 	0 	0 	0 	0 	0 	0 	0 	0 	0 	0 	69 	1 	1 	1 	1000 
#record	5 	19 	11 	16 	0 	10 	5 	96 	19 	8 	0 	0 	0 	0 	0 	0 	0 	0 	0 	0 	0 	0 	0 	0 	0 	0 	0 	0 	0 	85 	1 	1 	2 	1000 
#record	6 	22 	12 	17 	0 	12 	7 	113 	20 	9 	0 	0 	0 	0 	0 	0 	0 	0 	0 	0 	0 	0 	0 	0 	0 	0 	0 	0 	0 	96 	1 	2 	2 	1000 
#record	7 	25 	14 	20 	0 	14 	8 	129 	22 	10 	0 	0 	0 	0 	0 	0 	0 	0 	0 	0 	0 	0 	0 	0 	0 	0 	0 	0 	0 	113 	1 	2 	3 	1000 
#record	8 	27 	15 	22 	0 	16 	9 	146 	23 	12 	0 	0 	0 	0 	0 	0 	0 	0 	0 	0 	0 	0 	0 	0 	0 	0 	0 	0 	0 	126 	1 	2 	3 	1000 
#record	9 	29 	16 	24 	0 	18 	10 	158 	25 	13 	0 	0 	0 	0 	0 	0 	0 	0 	0 	0 	0 	0 	0 	0 	0 	0 	0 	0 	0 	142 	1 	2 	4 	1000 
#record	10 	31 	18 	26 	0 	20 	11 	175 	26 	14 	0 	0 	0 	0 	0 	0 	0 	0 	0 	0 	0 	0 	0 	0 	0 	0 	0 	0 	0 	155 	1 	2 	4 	1000 
#record	11 	34 	19 	28 	0 	22 	12 	191 	28 	15 	0 	0 	0 	0 	0 	0 	0 	0 	0 	0 	0 	0 	0 	0 	0 	0 	0 	0 	0 	172 	1 	2 	5 	1000 
#record	12 	37 	21 	30 	0 	24 	13 	208 	29 	16 	0 	0 	0 	0 	0 	0 	0 	0 	0 	0 	0 	0 	0 	0 	0 	0 	0 	0 	0 	185 	1 	3 	5 	1000 
#record	13 	39 	22 	32 	0 	26 	14 	224 	31 	18 	0 	0 	0 	0 	0 	0 	0 	0 	0 	0 	0 	0 	0 	0 	0 	0 	0 	0 	0 	201 	1 	3 	6 	1000 
#record	14 	42 	24 	34 	0 	28 	15 	241 	32 	19 	0 	0 	0 	0 	0 	0 	0 	0 	0 	0 	0 	0 	0 	0 	0 	0 	0 	0 	0 	213 	1 	3 	6 	1000 
#record	15 	44 	24 	36 	0 	30 	16 	253 	34 	20 	0 	0 	0 	0 	0 	0 	0 	0 	0 	0 	0 	0 	0 	0 	0 	0 	0 	0 	0 	230 	1 	3 	7 	1000 
#record	16 	47 	26 	38 	0 	32 	17 	270 	35 	21 	0 	0 	0 	0 	0 	0 	0 	0 	0 	0 	0 	0 	0 	0 	0 	0 	0 	0 	0 	242 	1 	3 	7 	1000 
#record	17 	49 	27 	40 	0 	34 	18 	286 	37 	22 	0 	0 	0 	0 	0 	0 	0 	0 	0 	0 	0 	0 	0 	0 	0 	0 	0 	0 	0 	258 	1 	3 	8 	1000 
#record	18 	51 	29 	42 	0 	35 	19 	303 	38 	24 	0 	0 	0 	0 	0 	0 	0 	0 	0 	0 	0 	0 	0 	0 	0 	0 	0 	0 	0 	271 	1 	4 	8 	1000 
#record	19 	54 	30 	44 	0 	37 	21 	319 	40 	25 	0 	0 	0 	0 	0 	0 	0 	0 	0 	0 	0 	0 	0 	0 	0 	0 	0 	0 	0 	287 	1 	4 	9 	1000 
#record	20 	65 	36 	52 	0 	44 	25 	373 	58 	28 	0 	0 	0 	0 	0 	0 	0 	0 	0 	0 	0 	0 	0 	0 	0 	0 	0 	0 	0 	354 	1 	4 	9 	1000 
#record	21 	67 	39 	55 	0 	46 	27 	392 	61 	32 	0 	0 	0 	0 	0 	0 	0 	0 	0 	0 	0 	0 	0 	0 	0 	0 	0 	0 	0 	371 	1 	4 	10 	1000 
#record	22 	71 	41 	58 	0 	48 	29 	410 	71 	33 	0 	0 	0 	0 	0 	0 	0 	0 	0 	0 	0 	0 	0 	0 	0 	0 	0 	0 	0 	387 	1 	4 	10 	1000 
#record	23 	75 	43 	61 	0 	50 	30 	422 	74 	34 	0 	0 	0 	0 	0 	0 	0 	0 	0 	0 	0 	0 	0 	0 	0 	0 	0 	0 	0 	402 	1 	4 	11 	1000 
#record	24 	78 	45 	64 	0 	51 	32 	438 	86 	34 	0 	0 	0 	0 	0 	0 	0 	0 	0 	0 	0 	0 	0 	0 	0 	0 	0 	0 	0 	417 	1 	4 	11 	1000 
#record	25 	81 	47 	65 	0 	53 	34 	454 	91 	37 	0 	0 	0 	0 	0 	0 	0 	0 	0 	0 	0 	0 	0 	0 	0 	0 	0 	0 	0 	430 	1 	5 	12 	1000 
#record	26 	86 	50 	69 	0 	55 	36 	473 	94 	40 	0 	0 	0 	0 	0 	0 	0 	0 	0 	0 	0 	0 	0 	0 	0 	0 	0 	0 	0 	444 	1 	5 	12 	1000 
#record	27 	90 	53 	73 	0 	58 	38 	497 	111 	43 	0 	0 	0 	0 	0 	0 	0 	0 	0 	0 	0 	0 	0 	0 	0 	0 	0 	0 	0 	455 	1 	5 	13 	1000 
#record	28 	94 	55 	77 	0 	60 	40 	517 	115 	46 	0 	0 	0 	0 	0 	0 	0 	0 	0 	0 	0 	0 	0 	0 	0 	0 	0 	0 	0 	471 	1 	5 	13 	1000 
#record	29 	99 	58 	80 	0 	63 	42 	540 	120 	48 	0 	0 	0 	0 	0 	0 	0 	0 	0 	0 	0 	0 	0 	0 	0 	0 	0 	0 	0 	491 	1 	5 	14 	1000 
#record	30 	104 	61 	84 	0 	66 	44 	564 	125 	51 	0 	0 	0 	0 	0 	0 	0 	0 	0 	0 	0 	0 	0 	0 	0 	0 	0 	0 	0 	510 	1 	5 	14 	1000 
#record	31 	107 	63 	87 	0 	68 	46 	584 	129 	54 	0 	0 	0 	0 	0 	0 	0 	0 	0 	0 	0 	0 	0 	0 	0 	0 	0 	0 	0 	530 	1 	6 	15 	1000 
#record	32 	112 	66 	91 	0 	71 	49 	607 	133 	57 	0 	0 	0 	0 	0 	0 	0 	0 	0 	0 	0 	0 	0 	0 	0 	0 	0 	0 	0 	550 	1 	6 	15 	1000 
#record	33 	117 	69 	94 	0 	73 	51 	631 	138 	60 	0 	0 	0 	0 	0 	0 	0 	0 	0 	0 	0 	0 	0 	0 	0 	0 	0 	0 	0 	570 	1 	6 	16 	1000 
#record	34 	121 	72 	98 	0 	76 	53 	650 	142 	63 	0 	0 	0 	0 	0 	0 	0 	0 	0 	0 	0 	0 	0 	0 	0 	0 	0 	0 	0 	590 	1 	6 	16 	1000 
#record	35 	125 	75 	102 	0 	78 	55 	674 	147 	66 	0 	0 	0 	0 	0 	0 	0 	0 	0 	0 	0 	0 	0 	0 	0 	0 	0 	0 	0 	609 	1 	6 	17 	1000 
#record	36 	130 	78 	106 	0 	81 	57 	697 	152 	69 	0 	0 	0 	0 	0 	0 	0 	0 	0 	0 	0 	0 	0 	0 	0 	0 	0 	0 	0 	628 	1 	6 	17 	1000 
#record	37 	134 	80 	109 	0 	84 	59 	718 	156 	72 	0 	0 	0 	0 	0 	0 	0 	0 	0 	0 	0 	0 	0 	0 	0 	0 	0 	0 	0 	648 	1 	7 	18 	1000 
#record	38 	139 	83 	112 	0 	86 	62 	741 	161 	74 	0 	0 	0 	0 	0 	0 	0 	0 	0 	0 	0 	0 	0 	0 	0 	0 	0 	0 	0 	667 	1 	7 	18 	1000 
#record	39 	143 	86 	116 	0 	89 	64 	764 	166 	77 	0 	0 	0 	0 	0 	0 	0 	0 	0 	0 	0 	0 	0 	0 	0 	0 	0 	0 	0 	682 	1 	7 	19 	1000 
#record	40 	148 	88 	120 	0 	91 	66 	784 	170 	80 	0 	0 	0 	0 	0 	0 	0 	0 	0 	0 	0 	0 	0 	0 	0 	0 	0 	0 	0 	701 	1 	7 	19 	1000 
#record	41 	152 	91 	124 	0 	94 	68 	808 	174 	83 	0 	0 	0 	0 	0 	0 	0 	0 	0 	0 	0 	0 	0 	0 	0 	0 	0 	0 	0 	720 	1 	7 	20 	1000 
#record	42 	157 	94 	127 	0 	96 	70 	831 	179 	86 	0 	0 	0 	0 	0 	0 	0 	0 	0 	0 	0 	0 	0 	0 	0 	0 	0 	0 	0 	739 	1 	7 	20 	1000 
#record	43 	162 	97 	131 	0 	99 	72 	851 	183 	89 	0 	0 	0 	0 	0 	0 	0 	0 	0 	0 	0 	0 	0 	0 	0 	0 	0 	0 	0 	758 	1 	7 	21 	1000 
#record	44 	165 	100 	135 	0 	102 	75 	874 	188 	92 	0 	0 	0 	0 	0 	0 	0 	0 	0 	0 	0 	0 	0 	0 	0 	0 	0 	0 	0 	777 	1 	8 	21 	1000 
#record	45 	170 	102 	138 	0 	104 	77 	895 	192 	95 	0 	0 	0 	0 	0 	0 	0 	0 	0 	0 	0 	0 	0 	0 	0 	0 	0 	0 	0 	796 	1 	8 	22 	1000 
#record	46 	175 	105 	141 	0 	107 	79 	918 	197 	97 	0 	0 	0 	0 	0 	0 	0 	0 	0 	0 	0 	0 	0 	0 	0 	0 	0 	0 	0 	815 	1 	8 	22 	1000 
#record	47 	179 	108 	145 	0 	109 	81 	942 	202 	100 	0 	0 	0 	0 	0 	0 	0 	0 	0 	0 	0 	0 	0 	0 	0 	0 	0 	0 	0 	833 	1 	8 	23 	1000 
#record	48 	183 	110 	149 	0 	112 	83 	961 	206 	103 	0 	0 	0 	0 	0 	0 	0 	0 	0 	0 	0 	0 	0 	0 	0 	0 	0 	0 	0 	851 	1 	8 	23 	1000 
#record	49 	188 	114 	153 	0 	114 	85 	985 	211 	106 	0 	0 	0 	0 	0 	0 	0 	0 	0 	0 	0 	0 	0 	0 	0 	0 	0 	0 	0 	869 	1 	8 	24 	1000 
#record	50 	193 	117 	156 	0 	117 	88 	1009 	215 	109 	0 	0 	0 	0 	0 	0 	0 	0 	0 	0 	0 	0 	0 	0 	0 	0 	0 	0 	0 	887 	1 	9 	24 	1000 
#record	51 	197 	119 	160 	0 	120 	90 	1028 	219 	126 	0 	0 	0 	0 	0 	0 	0 	0 	0 	0 	0 	0 	0 	0 	0 	0 	0 	0 	0 	906 	1 	9 	25 	1000 
#record	52 	201 	122 	163 	0 	122 	92 	1052 	224 	129 	0 	0 	0 	0 	0 	0 	0 	0 	0 	0 	0 	0 	0 	0 	0 	0 	0 	0 	0 	924 	1 	9 	25 	1000 
#record	53 	206 	125 	167 	0 	125 	94 	1075 	229 	132 	0 	0 	0 	0 	0 	0 	0 	0 	0 	0 	0 	0 	0 	0 	0 	0 	0 	0 	0 	942 	1 	9 	26 	1000 
#record	54 	210 	127 	171 	0 	127 	96 	1096 	233 	136 	0 	0 	0 	0 	0 	0 	0 	0 	0 	0 	0 	0 	0 	0 	0 	0 	0 	0 	0 	960 	1 	9 	26 	1000 
#record	55 	215 	130 	174 	0 	130 	98 	1119 	238 	139 	0 	0 	0 	0 	0 	0 	0 	0 	0 	0 	0 	0 	0 	0 	0 	0 	0 	0 	0 	978 	1 	9 	27 	1000 
#record	56 	219 	133 	178 	0 	132 	100 	1142 	243 	142 	0 	0 	0 	0 	0 	0 	0 	0 	0 	0 	0 	0 	0 	0 	0 	0 	0 	0 	0 	996 	1 	10 	27 	1000 
#record	57 	223 	136 	182 	0 	135 	103 	1162 	247 	145 	0 	0 	0 	0 	0 	0 	0 	0 	0 	0 	0 	0 	0 	0 	0 	0 	0 	0 	0 	1013 	1 	10 	28 	1000 
#record	58 	228 	139 	185 	0 	138 	105 	1186 	252 	149 	0 	0 	0 	0 	0 	0 	0 	0 	0 	0 	0 	0 	0 	0 	0 	0 	0 	0 	0 	1031 	1 	10 	28 	1000 
#record	59 	233 	142 	188 	0 	140 	107 	1209 	256 	152 	0 	0 	0 	0 	0 	0 	0 	0 	0 	0 	0 	0 	0 	0 	0 	0 	0 	0 	0 	1049 	1 	10 	29 	1000 
#record	60 	256 	155 	207 	0 	153 	118 	1356 	261 	208 	0 	0 	0 	0 	0 	0 	0 	0 	0 	0 	0 	0 	0 	0 	0 	0 	0 	0 	0 	1532 	1 	10 	29 	1700 
#record	61 	258 	158 	211 	0 	156 	119 	1373 	267 	214 	0 	0 	0 	0 	0 	0 	0 	0 	0 	0 	0 	0 	0 	0 	0 	0 	0 	0 	0 	1565 	1 	10 	30 	1690 
#record	62 	263 	159 	213 	0 	158 	121 	1386 	271 	220 	0 	0 	0 	0 	0 	0 	0 	0 	0 	0 	0 	0 	0 	0 	0 	0 	0 	0 	0 	1595 	1 	11 	30 	1680 
#record	63 	267 	162 	217 	0 	159 	123 	1401 	277 	226 	0 	0 	0 	0 	0 	0 	0 	0 	0 	0 	0 	0 	0 	0 	0 	0 	0 	0 	0 	1628 	1 	11 	31 	1670 
#record	64 	270 	163 	219 	0 	161 	124 	1414 	282 	231 	0 	0 	0 	0 	0 	0 	0 	0 	0 	0 	0 	0 	0 	0 	0 	0 	0 	0 	0 	1657 	1 	11 	31 	1660 
#record	65 	274 	165 	222 	0 	162 	125 	1428 	287 	237 	0 	0 	0 	0 	0 	0 	0 	0 	0 	0 	0 	0 	0 	0 	0 	0 	0 	0 	0 	1690 	1 	11 	32 	1650 
#record	66 	277 	167 	225 	0 	165 	127 	1439 	292 	243 	0 	0 	0 	0 	0 	0 	0 	0 	0 	0 	0 	0 	0 	0 	0 	0 	0 	0 	0 	1720 	1 	11 	32 	1640 
#record	67 	280 	169 	227 	0 	166 	129 	1453 	297 	249 	0 	0 	0 	0 	0 	0 	0 	0 	0 	0 	0 	0 	0 	0 	0 	0 	0 	0 	0 	1753 	1 	11 	33 	1630 
#record	68 	286 	173 	233 	0 	169 	131 	1467 	303 	254 	0 	0 	0 	0 	0 	0 	0 	0 	0 	0 	0 	0 	0 	0 	0 	0 	0 	0 	0 	1787 	1 	11 	33 	1620 
#record	69 	292 	176 	237 	0 	172 	134 	1476 	308 	260 	0 	0 	0 	0 	0 	0 	0 	0 	0 	0 	0 	0 	0 	0 	0 	0 	0 	0 	0 	1816 	1 	12 	34 	1610 
#record	70 	298 	180 	242 	0 	175 	137 	1488 	313 	266 	0 	0 	0 	0 	0 	0 	0 	0 	0 	0 	0 	0 	0 	0 	0 	0 	0 	0 	0 	1850 	1 	12 	34 	1500 
#record	71 	304 	183 	247 	0 	179 	139 	1511 	318 	272 	0 	0 	0 	0 	0 	0 	0 	0 	0 	0 	0 	0 	0 	0 	0 	0 	0 	0 	0 	1878 	1 	12 	35 	1490 
#record	72 	310 	187 	252 	0 	182 	142 	1539 	324 	277 	0 	0 	0 	0 	0 	0 	0 	0 	0 	0 	0 	0 	0 	0 	0 	0 	0 	0 	0 	1912 	1 	12 	35 	1480 
#record	73 	316 	190 	256 	0 	185 	145 	1562 	328 	283 	0 	0 	0 	0 	0 	0 	0 	0 	0 	0 	0 	0 	0 	0 	0 	0 	0 	0 	0 	1941 	1 	12 	36 	1470 
#record	74 	322 	194 	261 	0 	188 	147 	1589 	334 	289 	0 	0 	0 	0 	0 	0 	0 	0 	0 	0 	0 	0 	0 	0 	0 	0 	0 	0 	0 	1975 	1 	12 	36 	1460 
#record	75 	328 	197 	266 	0 	191 	150 	1616 	339 	295 	0 	0 	0 	0 	0 	0 	0 	0 	0 	0 	0 	0 	0 	0 	0 	0 	0 	0 	0 	2009 	1 	13 	37 	1450 
#record	76 	333 	200 	271 	0 	195 	153 	1639 	344 	300 	0 	0 	0 	0 	0 	0 	0 	0 	0 	0 	0 	0 	0 	0 	0 	0 	0 	0 	0 	2038 	1 	13 	37 	1440 
#record	77 	340 	204 	276 	0 	198 	156 	1667 	350 	306 	0 	0 	0 	0 	0 	0 	0 	0 	0 	0 	0 	0 	0 	0 	0 	0 	0 	0 	0 	2071 	1 	13 	38 	1430 
#record	78 	346 	207 	280 	0 	201 	158 	1690 	354 	312 	0 	0 	0 	0 	0 	0 	0 	0 	0 	0 	0 	0 	0 	0 	0 	0 	0 	0 	0 	2100 	1 	13 	38 	1420 
#record	79 	352 	211 	285 	0 	204 	161 	1717 	360 	318 	0 	0 	0 	0 	0 	0 	0 	0 	0 	0 	0 	0 	0 	0 	0 	0 	0 	0 	0 	2134 	1 	13 	39 	1410 
#record	80 	357 	214 	290 	0 	208 	164 	1740 	365 	324 	0 	0 	0 	0 	0 	0 	0 	0 	0 	0 	0 	0 	0 	0 	0 	0 	0 	0 	0 	2163 	1 	13 	39 	1300 
#record	81 	364 	218 	295 	0 	211 	166 	1768 	370 	329 	0 	0 	0 	0 	0 	0 	0 	0 	0 	0 	0 	0 	0 	0 	0 	0 	0 	0 	0 	2197 	1 	14 	40 	1290 
#record	82 	370 	221 	300 	0 	214 	169 	1791 	375 	335 	0 	0 	0 	0 	0 	0 	0 	0 	0 	0 	0 	0 	0 	0 	0 	0 	0 	0 	0 	2225 	1 	14 	40 	1280 
#record	83 	375 	225 	305 	0 	217 	172 	1818 	381 	341 	0 	0 	0 	0 	0 	0 	0 	0 	0 	0 	0 	0 	0 	0 	0 	0 	0 	0 	0 	2259 	1 	14 	41 	1270 
#record	84 	381 	229 	309 	0 	220 	174 	1845 	386 	347 	0 	0 	0 	0 	0 	0 	0 	0 	0 	0 	0 	0 	0 	0 	0 	0 	0 	0 	0 	2292 	1 	14 	41 	1260 
#record	85 	388 	232 	315 	0 	224 	177 	1868 	391 	352 	0 	0 	0 	0 	0 	0 	0 	0 	0 	0 	0 	0 	0 	0 	0 	0 	0 	0 	0 	2322 	1 	14 	42 	1250 
#record	86 	393 	235 	319 	0 	227 	180 	1895 	396 	358 	0 	0 	0 	0 	0 	0 	0 	0 	0 	0 	0 	0 	0 	0 	0 	0 	0 	0 	0 	2355 	1 	14 	42 	1240 
#record	87 	399 	238 	324 	0 	230 	183 	1919 	401 	364 	0 	0 	0 	0 	0 	0 	0 	0 	0 	0 	0 	0 	0 	0 	0 	0 	0 	0 	0 	2385 	1 	14 	43 	1230 
#record	88 	405 	242 	329 	0 	233 	185 	1945 	407 	370 	0 	0 	0 	0 	0 	0 	0 	0 	0 	0 	0 	0 	0 	0 	0 	0 	0 	0 	0 	2418 	1 	15 	43 	1220 
#record	89 	411 	245 	334 	0 	236 	188 	1969 	411 	375 	0 	0 	0 	0 	0 	0 	0 	0 	0 	0 	0 	0 	0 	0 	0 	0 	0 	0 	0 	2447 	1 	15 	44 	1210 
#record	90 	417 	249 	338 	0 	240 	191 	1996 	417 	381 	0 	0 	0 	0 	0 	0 	0 	0 	0 	0 	0 	0 	0 	0 	0 	0 	0 	0 	0 	2480 	1 	15 	44 	1100 
#record	91 	423 	252 	344 	0 	243 	193 	2020 	422 	387 	0 	0 	0 	0 	0 	0 	0 	0 	0 	0 	0 	0 	0 	0 	0 	0 	0 	0 	0 	2510 	1 	15 	45 	1095 
#record	92 	429 	256 	348 	0 	246 	196 	2046 	427 	393 	0 	0 	0 	0 	0 	0 	0 	0 	0 	0 	0 	0 	0 	0 	0 	0 	0 	0 	0 	2543 	1 	15 	45 	1090 
#record	93 	435 	260 	353 	0 	249 	199 	2073 	433 	398 	0 	0 	0 	0 	0 	0 	0 	0 	0 	0 	0 	0 	0 	0 	0 	0 	0 	0 	0 	2577 	1 	15 	46 	1085 
#record	94 	441 	263 	358 	0 	252 	201 	2097 	437 	404 	0 	0 	0 	0 	0 	0 	0 	0 	0 	0 	0 	0 	0 	0 	0 	0 	0 	0 	0 	2606 	1 	16 	46 	1080 
#record	95 	447 	267 	363 	0 	256 	204 	2124 	443 	410 	0 	0 	0 	0 	0 	0 	0 	0 	0 	0 	0 	0 	0 	0 	0 	0 	0 	0 	0 	2640 	1 	16 	47 	1075 
#record	96 	453 	270 	367 	0 	259 	207 	2147 	448 	416 	0 	0 	0 	0 	0 	0 	0 	0 	0 	0 	0 	0 	0 	0 	0 	0 	0 	0 	0 	2668 	1 	16 	47 	1070 
#record	97 	459 	274 	372 	0 	262 	210 	2174 	453 	421 	0 	0 	0 	0 	0 	0 	0 	0 	0 	0 	0 	0 	0 	0 	0 	0 	0 	0 	0 	2702 	1 	16 	48 	1065 
#record	98 	465 	277 	377 	0 	265 	212 	2197 	458 	427 	0 	0 	0 	0 	0 	0 	0 	0 	0 	0 	0 	0 	0 	0 	0 	0 	0 	0 	0 	2731 	1 	16 	48 	1060 
#record	99 	470 	280 	382 	0 	268 	215 	2225 	464 	433 	0 	0 	0 	0 	0 	0 	0 	0 	0 	0 	0 	0 	0 	0 	0 	0 	0 	0 	0 	2765 	1 	16 	49 	1055 
#record	100 	477 	284 	387 	0 	272 	218 	2685 	469 	439 	0 	0 	0 	0 	0 	0 	0 	0 	0 	0 	0 	0 	0 	0 	0 	0 	0 	0 	0 	2785 	1 	17 	49 	1000 
#record	101 	483 	287 	391 	0 	275 	220 	2717 	474 	444 	0 	0 	0 	0 	0 	0 	0 	0 	0 	0 	0 	0 	0 	0 	0 	0 	0 	0 	0 	2805 	1 	17 	50 	1000 
#record	102 	488 	291 	397 	0 	278 	223 	2749 	479 	450 	0 	0 	0 	0 	0 	0 	0 	0 	0 	0 	0 	0 	0 	0 	0 	0 	0 	0 	0 	2825 	1 	17 	50 	1000 
#record	103 	494 	294 	401 	0 	281 	226 	2781 	484 	456 	0 	0 	0 	0 	0 	0 	0 	0 	0 	0 	0 	0 	0 	0 	0 	0 	0 	0 	0 	2845 	1 	17 	51 	1000 
#record	104 	501 	298 	406 	0 	285 	228 	2813 	490 	462 	0 	0 	0 	0 	0 	0 	0 	0 	0 	0 	0 	0 	0 	0 	0 	0 	0 	0 	0 	2865 	1 	17 	51 	1000 
#record	105 	506 	301 	411 	0 	288 	231 	2845 	494 	468 	0 	0 	0 	0 	0 	0 	0 	0 	0 	0 	0 	0 	0 	0 	0 	0 	0 	0 	0 	2885 	1 	17 	52 	1000 
#record	106 	512 	305 	416 	0 	291 	234 	2877 	500 	473 	0 	0 	0 	0 	0 	0 	0 	0 	0 	0 	0 	0 	0 	0 	0 	0 	0 	0 	0 	2905 	1 	17 	52 	1000 
#record	107 	519 	308 	420 	0 	294 	237 	2909 	505 	479 	0 	0 	0 	0 	0 	0 	0 	0 	0 	0 	0 	0 	0 	0 	0 	0 	0 	0 	0 	2925 	1 	18 	53 	1000 
#record	108 	524 	312 	426 	0 	297 	239 	2941 	510 	485 	0 	0 	0 	0 	0 	0 	0 	0 	0 	0 	0 	0 	0 	0 	0 	0 	0 	0 	0 	2945 	1 	18 	53 	1000 
#record	109 	530 	315 	430 	0 	301 	242 	2973 	516 	491 	0 	0 	0 	0 	0 	0 	0 	0 	0 	0 	0 	0 	0 	0 	0 	0 	0 	0 	0 	2965 	1 	18 	54 	1000 
#record	110 	536 	318 	435 	0 	304 	245 	3005 	521 	496 	0 	0 	0 	0 	0 	0 	0 	0 	0 	0 	0 	0 	0 	0 	0 	0 	0 	0 	0 	2985 	1 	18 	54 	1000 
#record	111 	542 	322 	440 	0 	307 	247 	3037 	526 	502 	0 	0 	0 	0 	0 	0 	0 	0 	0 	0 	0 	0 	0 	0 	0 	0 	0 	0 	0 	3005 	1 	18 	55 	1000 
#record	112 	548 	325 	445 	0 	310 	250 	3065 	531 	508 	0 	0 	0 	0 	0 	0 	0 	0 	0 	0 	0 	0 	0 	0 	0 	0 	0 	0 	0 	3025 	1 	18 	55 	1000 
#record	113 	554 	329 	449 	0 	313 	253 	3097 	536 	514 	0 	0 	0 	0 	0 	0 	0 	0 	0 	0 	0 	0 	0 	0 	0 	0 	0 	0 	0 	3045 	1 	19 	56 	1000 
#record	114 	560 	332 	454 	0 	317 	255 	3126 	541 	519 	0 	0 	0 	0 	0 	0 	0 	0 	0 	0 	0 	0 	0 	0 	0 	0 	0 	0 	0 	3065 	1 	19 	56 	1000 
#record	115 	566 	336 	459 	0 	320 	258 	3158 	547 	525 	0 	0 	0 	0 	0 	0 	0 	0 	0 	0 	0 	0 	0 	0 	0 	0 	0 	0 	0 	3085 	1 	19 	57 	1000 
#record	116 	572 	339 	464 	0 	323 	261 	3186 	551 	531 	0 	0 	0 	0 	0 	0 	0 	0 	0 	0 	0 	0 	0 	0 	0 	0 	0 	0 	0 	3105 	1 	19 	57 	1000 
#record	117 	578 	343 	469 	0 	326 	264 	3218 	557 	537 	0 	0 	0 	0 	0 	0 	0 	0 	0 	0 	0 	0 	0 	0 	0 	0 	0 	0 	0 	3125 	1 	19 	58 	1000 
#record	118 	583 	347 	473 	0 	329 	266 	3251 	562 	542 	0 	0 	0 	0 	0 	0 	0 	0 	0 	0 	0 	0 	0 	0 	0 	0 	0 	0 	0 	3145 	1 	19 	58 	1000 
#record	119 	590 	350 	479 	0 	333 	269 	3279 	567 	548 	0 	0 	0 	0 	0 	0 	0 	0 	0 	0 	0 	0 	0 	0 	0 	0 	0 	0 	0 	3165 	1 	20 	59 	1000 
#record	120 	596 	354 	483 	0 	336 	272 	3311 	573 	554 	0 	0 	0 	0 	0 	0 	0 	0 	0 	0 	0 	0 	0 	0 	0 	0 	0 	0 	0 	3185 	1 	20 	60 	1000 
#record	121 	601 	357 	488 	0 	339 	274 	3339 	577 	560 	0 	0 	0 	0 	0 	0 	0 	0 	0 	0 	0 	0 	0 	0 	0 	0 	0 	0 	0 	3205 	1 	20 	60 	1000 
#record	122 	607 	360 	493 	0 	342 	277 	3372 	583 	565 	0 	0 	0 	0 	0 	0 	0 	0 	0 	0 	0 	0 	0 	0 	0 	0 	0 	0 	0 	3225 	1 	20 	61 	1000 
#record	123 	614 	363 	498 	0 	346 	280 	3399 	588 	571 	0 	0 	0 	0 	0 	0 	0 	0 	0 	0 	0 	0 	0 	0 	0 	0 	0 	0 	0 	3245 	1 	20 	61 	1000 
#record	124 	619 	367 	502 	0 	349 	282 	3432 	593 	577 	0 	0 	0 	0 	0 	0 	0 	0 	0 	0 	0 	0 	0 	0 	0 	0 	0 	0 	0 	3265 	1 	20 	62 	1000 
#record	125 	625 	371 	508 	0 	352 	285 	3465 	599 	583 	0 	0 	0 	0 	0 	0 	0 	0 	0 	0 	0 	0 	0 	0 	0 	0 	0 	0 	0 	3285 	1 	21 	62 	1000 
#record	126 	632 	374 	512 	0 	355 	288 	3493 	604 	588 	0 	0 	0 	0 	0 	0 	0 	0 	0 	0 	0 	0 	0 	0 	0 	0 	0 	0 	0 	3305 	1 	21 	63 	1000 
#record	127 	637 	378 	517 	0 	358 	291 	3525 	609 	594 	0 	0 	0 	0 	0 	0 	0 	0 	0 	0 	0 	0 	0 	0 	0 	0 	0 	0 	0 	3325 	1 	21 	63 	1000 
#record	128 	643 	381 	522 	0 	362 	293 	3553 	614 	600 	0 	0 	0 	0 	0 	0 	0 	0 	0 	0 	0 	0 	0 	0 	0 	0 	0 	0 	0 	3345 	1 	21 	64 	1000 
#record	129 	649 	385 	527 	0 	365 	296 	3586 	619 	606 	0 	0 	0 	0 	0 	0 	0 	0 	0 	0 	0 	0 	0 	0 	0 	0 	0 	0 	0 	3365 	1 	21 	64 	1000 
#record	130 	656 	388 	531 	0 	368 	299 	3614 	624 	612 	0 	0 	0 	0 	0 	0 	0 	0 	0 	0 	0 	0 	0 	0 	0 	0 	0 	0 	0 	3385 	1 	21 	65 	1000 
#record	131 	661 	392 	537 	0 	371 	301 	3646 	630 	617 	0 	0 	0 	0 	0 	0 	0 	0 	0 	0 	0 	0 	0 	0 	0 	0 	0 	0 	0 	3405 	1 	21 	65 	1000 
#record	132 	667 	395 	541 	0 	374 	304 	3674 	634 	623 	0 	0 	0 	0 	0 	0 	0 	0 	0 	0 	0 	0 	0 	0 	0 	0 	0 	0 	0 	3425 	1 	22 	66 	1000 
#record	133 	673 	398 	546 	0 	378 	307 	3707 	640 	629 	0 	0 	0 	0 	0 	0 	0 	0 	0 	0 	0 	0 	0 	0 	0 	0 	0 	0 	0 	3445 	1 	22 	66 	1000 
#record	134 	679 	402 	551 	0 	381 	309 	3739 	645 	635 	0 	0 	0 	0 	0 	0 	0 	0 	0 	0 	0 	0 	0 	0 	0 	0 	0 	0 	0 	3465 	1 	22 	67 	1000 
#record	135 	685 	405 	556 	0 	384 	312 	3767 	650 	640 	0 	0 	0 	0 	0 	0 	0 	0 	0 	0 	0 	0 	0 	0 	0 	0 	0 	0 	0 	3485 	1 	22 	67 	1000 
#record	136 	691 	409 	561 	0 	387 	315 	3799 	656 	646 	0 	0 	0 	0 	0 	0 	0 	0 	0 	0 	0 	0 	0 	0 	0 	0 	0 	0 	0 	3505 	1 	22 	68 	1000 
#record	137 	696 	412 	565 	0 	390 	318 	3828 	661 	652 	0 	0 	0 	0 	0 	0 	0 	0 	0 	0 	0 	0 	0 	0 	0 	0 	0 	0 	0 	3525 	1 	22 	68 	1000 
#record	138 	703 	416 	570 	0 	394 	320 	3860 	666 	658 	0 	0 	0 	0 	0 	0 	0 	0 	0 	0 	0 	0 	0 	0 	0 	0 	0 	0 	0 	3545 	1 	23 	69 	1000 
#record	139 	709 	419 	575 	0 	397 	323 	3888 	671 	663 	0 	0 	0 	0 	0 	0 	0 	0 	0 	0 	0 	0 	0 	0 	0 	0 	0 	0 	0 	3565 	1 	23 	69 	1000 
#record	140 	714 	423 	580 	0 	400 	326 	3920 	676 	669 	0 	0 	0 	0 	0 	0 	0 	0 	0 	0 	0 	0 	0 	0 	0 	0 	0 	0 	0 	3585 	1 	23 	70 	1000 
#record	141 	720 	426 	584 	0 	403 	328 	3949 	681 	675 	0 	0 	0 	0 	0 	0 	0 	0 	0 	0 	0 	0 	0 	0 	0 	0 	0 	0 	0 	3605 	1 	23 	70 	1000 
#record	142 	727 	430 	590 	0 	407 	331 	3981 	687 	681 	0 	0 	0 	0 	0 	0 	0 	0 	0 	0 	0 	0 	0 	0 	0 	0 	0 	0 	0 	3625 	1 	23 	71 	1000 
#record	143 	732 	434 	594 	0 	410 	334 	4014 	692 	686 	0 	0 	0 	0 	0 	0 	0 	0 	0 	0 	0 	0 	0 	0 	0 	0 	0 	0 	0 	3645 	1 	23 	71 	1000 
#record	144 	738 	437 	599 	0 	413 	336 	4041 	697 	692 	0 	0 	0 	0 	0 	0 	0 	0 	0 	0 	0 	0 	0 	0 	0 	0 	0 	0 	0 	3665 	1 	24 	72 	1000 
#record	145 	745 	440 	604 	0 	416 	339 	4074 	702 	698 	0 	0 	0 	0 	0 	0 	0 	0 	0 	0 	0 	0 	0 	0 	0 	0 	0 	0 	0 	3685 	1 	24 	72 	1000 
#record	146 	751 	443 	609 	0 	419 	342 	4102 	707 	704 	0 	0 	0 	0 	0 	0 	0 	0 	0 	0 	0 	0 	0 	0 	0 	0 	0 	0 	0 	3705 	1 	24 	73 	1000 
#record	147 	756 	447 	614 	0 	423 	345 	4134 	713 	709 	0 	0 	0 	0 	0 	0 	0 	0 	0 	0 	0 	0 	0 	0 	0 	0 	0 	0 	0 	3725 	1 	24 	73 	1000 
#record	148 	762 	450 	619 	0 	426 	347 	4162 	717 	715 	0 	0 	0 	0 	0 	0 	0 	0 	0 	0 	0 	0 	0 	0 	0 	0 	0 	0 	0 	3745 	1 	24 	74 	1000 
#record	149 	769 	454 	623 	0 	429 	350 	4195 	723 	721 	0 	0 	0 	0 	0 	0 	0 	0 	0 	0 	0 	0 	0 	0 	0 	0 	0 	0 	0 	3765 	1 	24 	74 	1000 
#record	150 	774 	458 	629 	0 	432 	353 	4228 	729 	727 	0 	0 	0 	0 	0 	0 	0 	0 	0 	0 	0 	0 	0 	0 	0 	0 	0 	0 	0 	3785 	1 	24 	75 	1000 
																																		
#end																																		
