;		Fight	Parameter																															
#ignore	\o042			; 인용부호 무시																														
#exchange	#	\x20		; # => space																														
;		2005.03.01																																
#table	Param																																	
#columntype	Dword	Dword	Dword	Dword	Dword	Dword	Dword	Dword	Dword	Dword	Dword	Dword	Dword	Dword	Dword	Dword	Dword	Dword	Dword	Dword	Dword	Dword	Dword	Dword	Dword	Dword	Dword	Dword	Dword	Word	Word	DWord	DWord	Word
#columnname	Level	Strength	Constitution	Intelligence	Wizdom	Dexterity	MentalPower	SoulHP	MAXSoulHP	PriceHPStone	SoulSP	MAXSoulSP	PriceSPStone	AtkPerAP	DmgPerAP	MaxPwrStone	NumPwrStone	PricePwrStone	PwrStoneWC	PwrStoneMA	MaxGrdStone	NumGrdStone	PriceGrdStone	GrdStoneAC	GrdStoneMR	PainRes	RestraintRes	CurseRes	ShockRes	MaxHP	MaxSP	CharTitlePt	SkillPwrPt	JobChangeDmgUp
#record	1 	5 	4 	1 	0 	3 	4 	32 	15 	3 	26 	11 	1 	0 	0 	0 	0 	0 	0 	0 	0 	0 	0 	0 	0 	0 	0 	0 	0 	46 	32 	1 	0 	1000 
#record	2 	8 	5 	2 	0 	4 	5 	36 	15 	4 	39 	12 	2 	0 	0 	0 	0 	0 	0 	0 	0 	0 	0 	0 	0 	0 	0 	0 	0 	52 	49 	1 	0 	1000 
#record	3 	10 	7 	3 	0 	6 	7 	46 	15 	5 	57 	13 	3 	0 	0 	0 	0 	0 	0 	0 	0 	0 	0 	0 	0 	0 	0 	0 	0 	66 	71 	1 	1 	1000 
#record	4 	12 	8 	4 	0 	8 	8 	54 	15 	6 	70 	14 	3 	0 	0 	0 	0 	0 	0 	0 	0 	0 	0 	0 	0 	0 	0 	0 	0 	77 	88 	1 	1 	1000 
#record	5 	14 	10 	5 	0 	10 	9 	66 	16 	7 	84 	15 	4 	0 	0 	0 	0 	0 	0 	0 	0 	0 	0 	0 	0 	0 	0 	0 	0 	94 	105 	1 	2 	1000 
#record	6 	16 	11 	7 	0 	12 	11 	75 	17 	8 	101 	17 	4 	0 	0 	0 	0 	0 	0 	0 	0 	0 	0 	0 	0 	0 	0 	0 	0 	107 	127 	2 	2 	1000 
#record	7 	18 	13 	8 	0 	14 	12 	88 	18 	9 	115 	18 	5 	0 	0 	0 	0 	0 	0 	0 	0 	0 	0 	0 	0 	0 	0 	0 	0 	126 	143 	2 	3 	1000 
#record	8 	20 	14 	9 	0 	16 	14 	98 	19 	11 	132 	20 	6 	0 	0 	0 	0 	0 	0 	0 	0 	0 	0 	0 	0 	0 	0 	0 	0 	140 	165 	2 	3 	1000 
#record	9 	23 	16 	10 	0 	18 	15 	111 	20 	12 	146 	21 	6 	0 	0 	0 	0 	0 	0 	0 	0 	0 	0 	0 	0 	0 	0 	0 	0 	158 	182 	2 	4 	1000 
#record	10 	25 	17 	11 	0 	19 	16 	121 	21 	13 	159 	22 	7 	0 	0 	0 	0 	0 	0 	0 	0 	0 	0 	0 	0 	0 	0 	0 	0 	172 	199 	2 	4 	1000 
#record	11 	27 	19 	12 	0 	21 	18 	134 	22 	14 	177 	23 	7 	0 	0 	0 	0 	0 	0 	0 	0 	0 	0 	0 	0 	0 	0 	0 	0 	191 	221 	2 	5 	1000 
#record	12 	29 	20 	13 	0 	23 	19 	143 	23 	15 	190 	24 	8 	0 	0 	0 	0 	0 	0 	0 	0 	0 	0 	0 	0 	0 	0 	0 	0 	205 	238 	3 	5 	1000 
#record	13 	31 	22 	14 	0 	25 	21 	156 	24 	16 	208 	26 	9 	0 	0 	0 	0 	0 	0 	0 	0 	0 	0 	0 	0 	0 	0 	0 	0 	223 	260 	3 	6 	1000 
#record	14 	33 	23 	15 	0 	27 	22 	166 	25 	17 	221 	27 	9 	0 	0 	0 	0 	0 	0 	0 	0 	0 	0 	0 	0 	0 	0 	0 	0 	237 	277 	3 	6 	1000 
#record	15 	35 	25 	16 	0 	29 	24 	179 	27 	18 	239 	28 	10 	0 	0 	0 	0 	0 	0 	0 	0 	0 	0 	0 	0 	0 	0 	0 	0 	256 	299 	3 	7 	1000 
#record	16 	37 	26 	17 	0 	31 	25 	188 	27 	19 	253 	30 	10 	0 	0 	0 	0 	0 	0 	0 	0 	0 	0 	0 	0 	0 	0 	0 	0 	269 	316 	3 	7 	1000 
#record	17 	40 	28 	18 	0 	33 	26 	201 	29 	20 	266 	31 	11 	0 	0 	0 	0 	0 	0 	0 	0 	0 	0 	0 	0 	0 	0 	0 	0 	287 	333 	3 	8 	1000 
#record	18 	42 	29 	19 	0 	34 	28 	210 	30 	22 	284 	32 	12 	0 	0 	0 	0 	0 	0 	0 	0 	0 	0 	0 	0 	0 	0 	0 	0 	301 	355 	4 	8 	1000 
#record	19 	44 	31 	20 	0 	36 	29 	223 	31 	23 	297 	33 	12 	0 	0 	0 	0 	0 	0 	0 	0 	0 	0 	0 	0 	0 	0 	0 	0 	319 	371 	4 	9 	1000 
#record	20 	53 	37 	24 	0 	43 	35 	275 	44 	26 	366 	35 	14 	0 	0 	0 	0 	0 	0 	0 	0 	0 	0 	0 	0 	0 	0 	0 	0 	393 	458 	4 	9 	1000 
#record	21 	56 	40 	26 	0 	44 	38 	289 	46 	29 	384 	37 	16 	0 	0 	0 	0 	0 	0 	0 	0 	0 	0 	0 	0 	0 	0 	0 	0 	412 	481 	4 	10 	1000 
#record	22 	58 	42 	28 	0 	47 	40 	301 	53 	30 	402 	39 	18 	0 	0 	0 	0 	0 	0 	0 	0 	0 	0 	0 	0 	0 	0 	0 	0 	430 	502 	4 	10 	1000 
#record	23 	61 	45 	29 	0 	48 	42 	313 	55 	31 	413 	40 	19 	0 	0 	0 	0 	0 	0 	0 	0 	0 	0 	0 	0 	0 	0 	0 	0 	447 	517 	4 	11 	1000 
#record	24 	64 	47 	31 	0 	50 	44 	324 	64 	31 	429 	42 	21 	0 	0 	0 	0 	0 	0 	0 	0 	0 	0 	0 	0 	0 	0 	0 	0 	463 	536 	4 	11 	1000 
#record	25 	67 	49 	32 	0 	51 	46 	335 	66 	34 	443 	44 	23 	0 	0 	0 	0 	0 	0 	0 	0 	0 	0 	0 	0 	0 	0 	0 	0 	478 	554 	5 	12 	1000 
#record	26 	71 	52 	34 	0 	54 	49 	345 	69 	36 	457 	45 	25 	0 	0 	0 	0 	0 	0 	0 	0 	0 	0 	0 	0 	0 	0 	0 	0 	493 	572 	5 	12 	1000 
#record	27 	75 	55 	36 	0 	56 	52 	354 	81 	39 	470 	92 	27 	0 	0 	0 	0 	0 	0 	0 	0 	0 	0 	0 	0 	0 	0 	0 	0 	506 	588 	5 	13 	1000 
#record	28 	78 	58 	38 	0 	59 	55 	366 	84 	42 	487 	95 	28 	0 	0 	0 	0 	0 	0 	0 	0 	0 	0 	0 	0 	0 	0 	0 	0 	523 	609 	5 	13 	1000 
#record	29 	82 	61 	40 	0 	61 	57 	382 	87 	44 	505 	99 	30 	0 	0 	0 	0 	0 	0 	0 	0 	0 	0 	0 	0 	0 	0 	0 	0 	545 	631 	5 	14 	1000 
#record	30 	86 	64 	41 	0 	64 	60 	397 	91 	47 	526 	102 	32 	0 	0 	0 	0 	0 	0 	0 	0 	0 	0 	0 	0 	0 	0 	0 	0 	567 	658 	5 	14 	1000 
#record	31 	90 	67 	43 	0 	66 	63 	412 	94 	50 	548 	106 	34 	0 	0 	0 	0 	0 	0 	0 	0 	0 	0 	0 	0 	0 	0 	0 	0 	589 	684 	6 	15 	1000 
#record	32 	94 	70 	45 	0 	69 	66 	428 	97 	52 	569 	110 	36 	0 	0 	0 	0 	0 	0 	0 	0 	0 	0 	0 	0 	0 	0 	0 	0 	611 	711 	6 	15 	1000 
#record	33 	98 	73 	47 	0 	71 	69 	443 	100 	55 	591 	114 	37 	0 	0 	0 	0 	0 	0 	0 	0 	0 	0 	0 	0 	0 	0 	0 	0 	633 	738 	6 	16 	1000 
#record	34 	101 	76 	49 	0 	74 	72 	458 	103 	58 	612 	118 	39 	0 	0 	0 	0 	0 	0 	0 	0 	0 	0 	0 	0 	0 	0 	0 	0 	655 	765 	6 	16 	1000 
#record	35 	105 	79 	51 	0 	76 	74 	474 	106 	60 	630 	121 	41 	0 	0 	0 	0 	0 	0 	0 	0 	0 	0 	0 	0 	0 	0 	0 	0 	677 	787 	6 	17 	1000 
#record	36 	109 	82 	53 	0 	79 	77 	489 	109 	63 	651 	125 	43 	0 	0 	0 	0 	0 	0 	0 	0 	0 	0 	0 	0 	0 	0 	0 	0 	698 	814 	6 	17 	1000 
#record	37 	113 	85 	55 	0 	81 	80 	504 	112 	66 	673 	129 	45 	0 	0 	0 	0 	0 	0 	0 	0 	0 	0 	0 	0 	0 	0 	0 	0 	720 	841 	7 	18 	1000 
#record	38 	117 	88 	57 	0 	84 	83 	519 	115 	68 	694 	132 	46 	0 	0 	0 	0 	0 	0 	0 	0 	0 	0 	0 	0 	0 	0 	0 	0 	741 	868 	7 	18 	1000 
#record	39 	121 	90 	59 	0 	86 	86 	530 	118 	71 	716 	136 	48 	0 	0 	0 	0 	0 	0 	0 	0 	0 	0 	0 	0 	0 	0 	0 	0 	758 	895 	7 	19 	1000 
#record	40 	124 	93 	61 	0 	89 	89 	545 	121 	73 	737 	140 	50 	0 	0 	0 	0 	0 	0 	0 	0 	0 	0 	0 	0 	0 	0 	0 	0 	779 	922 	7 	19 	1000 
#record	41 	128 	96 	63 	0 	91 	91 	560 	124 	76 	755 	143 	52 	0 	0 	0 	0 	0 	0 	0 	0 	0 	0 	0 	0 	0 	0 	0 	0 	800 	944 	7 	20 	1000 
#record	42 	132 	99 	64 	0 	94 	94 	575 	127 	79 	776 	147 	54 	0 	0 	0 	0 	0 	0 	0 	0 	0 	0 	0 	0 	0 	0 	0 	0 	821 	971 	7 	20 	1000 
#record	43 	136 	102 	66 	0 	96 	97 	590 	130 	81 	798 	151 	55 	0 	0 	0 	0 	0 	0 	0 	0 	0 	0 	0 	0 	0 	0 	0 	0 	842 	997 	7 	21 	1000 
#record	44 	140 	105 	68 	0 	99 	100 	604 	133 	84 	820 	155 	57 	0 	0 	0 	0 	0 	0 	0 	0 	0 	0 	0 	0 	0 	0 	0 	0 	863 	1024 	8 	21 	1000 
#record	45 	144 	108 	70 	0 	101 	103 	619 	136 	87 	841 	159 	59 	0 	0 	0 	0 	0 	0 	0 	0 	0 	0 	0 	0 	0 	0 	0 	0 	884 	1051 	8 	22 	1000 
#record	46 	148 	111 	72 	0 	104 	106 	633 	139 	89 	863 	163 	61 	0 	0 	0 	0 	0 	0 	0 	0 	0 	0 	0 	0 	0 	0 	0 	0 	905 	1078 	8 	22 	1000 
#record	47 	151 	114 	74 	0 	106 	108 	648 	142 	92 	880 	166 	63 	0 	0 	0 	0 	0 	0 	0 	0 	0 	0 	0 	0 	0 	0 	0 	0 	925 	1100 	8 	23 	1000 
#record	48 	155 	117 	76 	0 	109 	111 	662 	145 	95 	902 	170 	65 	0 	0 	0 	0 	0 	0 	0 	0 	0 	0 	0 	0 	0 	0 	0 	0 	946 	1127 	8 	23 	1000 
#record	49 	159 	120 	78 	0 	111 	114 	676 	148 	97 	923 	173 	66 	0 	0 	0 	0 	0 	0 	0 	0 	0 	0 	0 	0 	0 	0 	0 	0 	966 	1154 	8 	24 	1000 
#record	50 	163 	123 	80 	0 	114 	117 	691 	150 	100 	945 	177 	68 	0 	0 	0 	0 	0 	0 	0 	0 	0 	0 	0 	0 	0 	0 	0 	0 	986 	1181 	9 	24 	1000 
#record	51 	167 	126 	82 	0 	116 	120 	705 	153 	115 	966 	181 	80 	0 	0 	0 	0 	0 	0 	0 	0 	0 	0 	0 	0 	0 	0 	0 	0 	1007 	1208 	9 	25 	1000 
#record	52 	171 	129 	84 	0 	119 	122 	719 	156 	118 	984 	184 	82 	0 	0 	0 	0 	0 	0 	0 	0 	0 	0 	0 	0 	0 	0 	0 	0 	1027 	1230 	9 	25 	1000 
#record	53 	174 	132 	86 	0 	121 	125 	733 	159 	121 	1005 	188 	84 	0 	0 	0 	0 	0 	0 	0 	0 	0 	0 	0 	0 	0 	0 	0 	0 	1047 	1257 	9 	26 	1000 
#record	54 	178 	135 	87 	0 	124 	128 	747 	162 	124 	1027 	192 	86 	0 	0 	0 	0 	0 	0 	0 	0 	0 	0 	0 	0 	0 	0 	0 	0 	1067 	1284 	9 	26 	1000 
#record	55 	182 	138 	89 	0 	126 	131 	761 	165 	127 	1048 	196 	88 	0 	0 	0 	0 	0 	0 	0 	0 	0 	0 	0 	0 	0 	0 	0 	0 	1087 	1311 	9 	27 	1000 
#record	56 	186 	141 	91 	0 	129 	134 	775 	168 	130 	1070 	200 	90 	0 	0 	0 	0 	0 	0 	0 	0 	0 	0 	0 	0 	0 	0 	0 	0 	1107 	1337 	10 	27 	1000 
#record	57 	190 	144 	93 	0 	131 	137 	788 	170 	133 	1091 	203 	92 	0 	0 	0 	0 	0 	0 	0 	0 	0 	0 	0 	0 	0 	0 	0 	0 	1126 	1364 	10 	28 	1000 
#record	58 	194 	147 	95 	0 	134 	139 	802 	173 	136 	1109 	207 	94 	0 	0 	0 	0 	0 	0 	0 	0 	0 	0 	0 	0 	0 	0 	0 	0 	1146 	1386 	10 	28 	1000 
#record	59 	197 	150 	97 	0 	136 	142 	816 	176 	139 	1131 	210 	97 	0 	0 	0 	0 	0 	0 	0 	0 	0 	0 	0 	0 	0 	0 	0 	0 	1166 	1413 	10 	29 	1000 
#record	60 	209 	159 	103 	0 	143 	150 	916 	179 	191 	1272 	215 	137 	0 	0 	0 	0 	0 	0 	0 	0 	0 	0 	0 	0 	0 	0 	0 	0 	1308 	1590 	10 	29 	1000 
#record	61 	213 	162 	105 	0 	146 	153 	925 	183 	196 	1284 	219 	140 	0 	0 	0 	0 	0 	0 	0 	0 	0 	0 	0 	0 	0 	0 	0 	0 	1322 	1604 	10 	30 	1000 
#record	62 	217 	164 	107 	0 	149 	156 	932 	186 	201 	1299 	223 	144 	0 	0 	0 	0 	0 	0 	0 	0 	0 	0 	0 	0 	0 	0 	0 	0 	1331 	1624 	11 	30 	1000 
#record	63 	221 	167 	109 	0 	151 	158 	940 	189 	207 	1310 	227 	148 	0 	0 	0 	0 	0 	0 	0 	0 	0 	0 	0 	0 	0 	0 	0 	0 	1344 	1638 	11 	31 	1000 
#record	64 	225 	171 	111 	0 	154 	162 	949 	192 	212 	1325 	232 	152 	0 	0 	0 	0 	0 	0 	0 	0 	0 	0 	0 	0 	0 	0 	0 	0 	1356 	1657 	11 	31 	1000 
#record	65 	229 	174 	113 	0 	156 	164 	957 	196 	217 	1335 	236 	156 	0 	0 	0 	0 	0 	0 	0 	0 	0 	0 	0 	0 	0 	0 	0 	0 	1367 	1669 	11 	32 	1000 
#record	66 	233 	176 	115 	0 	158 	167 	962 	198 	223 	1349 	240 	159 	0 	0 	0 	0 	0 	0 	0 	0 	0 	0 	0 	0 	0 	0 	0 	0 	1374 	1686 	11 	32 	1000 
#record	67 	238 	180 	118 	0 	161 	171 	969 	201 	228 	1363 	245 	163 	0 	0 	0 	0 	0 	0 	0 	0 	0 	0 	0 	0 	0 	0 	0 	0 	1384 	1703 	11 	33 	1000 
#record	68 	244 	184 	120 	0 	164 	174 	976 	205 	233 	1371 	249 	167 	0 	0 	0 	0 	0 	0 	0 	0 	0 	0 	0 	0 	0 	0 	0 	0 	1394 	1714 	11 	33 	1000 
#record	69 	249 	187 	123 	0 	167 	178 	979 	207 	238 	1384 	253 	171 	0 	0 	0 	0 	0 	0 	0 	0 	0 	0 	0 	0 	0 	0 	0 	0 	1399 	1729 	12 	34 	1000 
#record	70 	254 	191 	125 	0 	170 	181 	986 	211 	244 	1391 	257 	175 	0 	0 	0 	0 	0 	0 	0 	0 	0 	0 	0 	0 	0 	0 	0 	0 	1408 	1739 	12 	34 	1000 
#record	71 	259 	195 	128 	0 	174 	185 	1001 	214 	249 	1417 	262 	178 	0 	0 	0 	0 	0 	0 	0 	0 	0 	0 	0 	0 	0 	0 	0 	0 	1430 	1771 	12 	35 	1000 
#record	72 	264 	199 	130 	0 	177 	188 	1017 	217 	254 	1438 	265 	182 	0 	0 	0 	0 	0 	0 	0 	0 	0 	0 	0 	0 	0 	0 	0 	0 	1453 	1798 	12 	35 	1000 
#record	73 	269 	202 	133 	0 	180 	192 	1030 	220 	260 	1464 	270 	186 	0 	0 	0 	0 	0 	0 	0 	0 	0 	0 	0 	0 	0 	0 	0 	0 	1471 	1830 	12 	36 	1000 
#record	74 	274 	206 	135 	0 	183 	195 	1045 	223 	265 	1486 	274 	190 	0 	0 	0 	0 	0 	0 	0 	0 	0 	0 	0 	0 	0 	0 	0 	0 	1493 	1857 	12 	36 	1000 
#record	75 	279 	210 	138 	0 	186 	199 	1061 	226 	270 	1511 	278 	193 	0 	0 	0 	0 	0 	0 	0 	0 	0 	0 	0 	0 	0 	0 	0 	0 	1515 	1889 	13 	37 	1000 
#record	76 	284 	214 	141 	0 	189 	202 	1076 	229 	275 	1533 	282 	197 	0 	0 	0 	0 	0 	0 	0 	0 	0 	0 	0 	0 	0 	0 	0 	0 	1537 	1916 	13 	37 	1000 
#record	77 	290 	217 	143 	0 	192 	206 	1088 	232 	281 	1558 	287 	201 	0 	0 	0 	0 	0 	0 	0 	0 	0 	0 	0 	0 	0 	0 	0 	0 	1555 	1948 	13 	38 	1000 
#record	78 	295 	221 	146 	0 	195 	209 	1103 	235 	286 	1580 	291 	205 	0 	0 	0 	0 	0 	0 	0 	0 	0 	0 	0 	0 	0 	0 	0 	0 	1576 	1975 	13 	38 	1000 
#record	79 	300 	225 	148 	0 	199 	213 	1119 	238 	291 	1605 	295 	209 	0 	0 	0 	0 	0 	0 	0 	0 	0 	0 	0 	0 	0 	0 	0 	0 	1598 	2007 	13 	39 	1000 
#record	80 	305 	228 	151 	0 	202 	216 	1131 	240 	297 	1627 	299 	212 	0 	0 	0 	0 	0 	0 	0 	0 	0 	0 	0 	0 	0 	0 	0 	0 	1615 	2033 	13 	39 	1000 
#record	81 	310 	232 	153 	0 	205 	220 	1146 	243 	302 	1652 	304 	216 	0 	0 	0 	0 	0 	0 	0 	0 	0 	0 	0 	0 	0 	0 	0 	0 	1637 	2065 	14 	40 	1000 
#record	82 	315 	236 	156 	0 	208 	224 	1161 	246 	307 	1678 	308 	220 	0 	0 	0 	0 	0 	0 	0 	0 	0 	0 	0 	0 	0 	0 	0 	0 	1658 	2097 	14 	40 	1000 
#record	83 	320 	240 	158 	0 	211 	227 	1175 	249 	312 	1699 	312 	224 	0 	0 	0 	0 	0 	0 	0 	0 	0 	0 	0 	0 	0 	0 	0 	0 	1679 	2124 	14 	41 	1000 
#record	84 	325 	243 	161 	0 	214 	231 	1187 	252 	318 	1725 	317 	227 	0 	0 	0 	0 	0 	0 	0 	0 	0 	0 	0 	0 	0 	0 	0 	0 	1696 	2156 	14 	41 	1000 
#record	85 	331 	247 	164 	0 	217 	234 	1202 	255 	323 	1746 	320 	231 	0 	0 	0 	0 	0 	0 	0 	0 	0 	0 	0 	0 	0 	0 	0 	0 	1717 	2183 	14 	42 	1000 
#record	86 	336 	251 	166 	0 	220 	238 	1216 	258 	328 	1772 	325 	235 	0 	0 	0 	0 	0 	0 	0 	0 	0 	0 	0 	0 	0 	0 	0 	0 	1738 	2215 	14 	42 	1000 
#record	87 	341 	255 	169 	0 	224 	241 	1231 	261 	333 	1794 	329 	239 	0 	0 	0 	0 	0 	0 	0 	0 	0 	0 	0 	0 	0 	0 	0 	0 	1758 	2242 	14 	43 	1000 
#record	88 	346 	258 	171 	0 	227 	245 	1242 	263 	339 	1819 	333 	243 	0 	0 	0 	0 	0 	0 	0 	0 	0 	0 	0 	0 	0 	0 	0 	0 	1775 	2274 	15 	43 	1000 
#record	89 	351 	262 	174 	0 	230 	248 	1257 	266 	344 	1841 	337 	246 	0 	0 	0 	0 	0 	0 	0 	0 	0 	0 	0 	0 	0 	0 	0 	0 	1795 	2301 	15 	44 	1000 
#record	90 	356 	266 	176 	0 	233 	252 	1271 	269 	349 	1866 	342 	250 	0 	0 	0 	0 	0 	0 	0 	0 	0 	0 	0 	0 	0 	0 	0 	0 	1816 	2333 	15 	44 	1000 
#record	91 	361 	269 	179 	0 	236 	255 	1282 	271 	355 	1888 	346 	254 	0 	0 	0 	0 	0 	0 	0 	0 	0 	0 	0 	0 	0 	0 	0 	0 	1832 	2360 	15 	45 	1000 
#record	92 	366 	273 	181 	0 	239 	259 	1296 	274 	360 	1913 	350 	258 	0 	0 	0 	0 	0 	0 	0 	0 	0 	0 	0 	0 	0 	0 	0 	0 	1852 	2391 	15 	45 	1000 
#record	93 	371 	277 	184 	0 	242 	262 	1310 	277 	365 	1935 	354 	262 	0 	0 	0 	0 	0 	0 	0 	0 	0 	0 	0 	0 	0 	0 	0 	0 	1872 	2418 	15 	46 	1000 
#record	94 	377 	281 	187 	0 	245 	266 	1324 	280 	370 	1960 	359 	265 	0 	0 	0 	0 	0 	0 	0 	0 	0 	0 	0 	0 	0 	0 	0 	0 	1892 	2450 	16 	46 	1000 
#record	95 	382 	284 	189 	0 	248 	269 	1335 	282 	376 	1982 	362 	269 	0 	0 	0 	0 	0 	0 	0 	0 	0 	0 	0 	0 	0 	0 	0 	0 	1908 	2477 	16 	47 	1000 
#record	96 	387 	288 	192 	0 	252 	273 	1349 	285 	381 	2007 	367 	273 	0 	0 	0 	0 	0 	0 	0 	0 	0 	0 	0 	0 	0 	0 	0 	0 	1927 	2509 	16 	47 	1000 
#record	97 	392 	292 	194 	0 	255 	277 	1363 	288 	386 	2033 	372 	277 	0 	0 	0 	0 	0 	0 	0 	0 	0 	0 	0 	0 	0 	0 	0 	0 	1947 	2541 	16 	48 	1000 
#record	98 	397 	296 	197 	0 	258 	280 	1378 	291 	392 	2054 	375 	280 	0 	0 	0 	0 	0 	0 	0 	0 	0 	0 	0 	0 	0 	0 	0 	0 	1969 	2568 	16 	48 	1000 
#record	99 	402 	299 	199 	0 	261 	284 	1391 	293 	397 	2080 	380 	284 	0 	0 	0 	0 	0 	0 	0 	0 	0 	0 	0 	0 	0 	0 	0 	0 	1988 	2600 	16 	49 	1000 
#record	100 	407 	360 	202 	0 	264 	322 	1678 	297 	402 	2101 	384 	288 	0 	0 	0 	0 	0 	0 	0 	0 	0 	0 	0 	0 	0 	0 	0 	0 	2397 	2627 	17 	49 	1100 
#record	101 	412 	365 	204 	0 	267 	326 	1697 	300 	407 	2127 	388 	292 	0 	0 	0 	0 	0 	0 	0 	0 	0 	0 	0 	0 	0 	0 	0 	0 	2425 	2659 	17 	50 	1095 
#record	102 	418 	370 	207 	0 	270 	329 	1717 	303 	413 	2149 	392 	296 	0 	0 	0 	0 	0 	0 	0 	0 	0 	0 	0 	0 	0 	0 	0 	0 	2453 	2686 	17 	50 	1090 
#record	103 	423 	374 	210 	0 	273 	332 	1737 	306 	418 	2174 	397 	299 	0 	0 	0 	0 	0 	0 	0 	0 	0 	0 	0 	0 	0 	0 	0 	0 	2482 	2718 	17 	51 	1085 
#record	104 	428 	379 	212 	0 	277 	336 	1757 	309 	423 	2196 	401 	303 	0 	0 	0 	0 	0 	0 	0 	0 	0 	0 	0 	0 	0 	0 	0 	0 	2510 	2744 	17 	51 	1080 
#record	105 	433 	384 	215 	0 	280 	339 	1777 	313 	429 	2221 	405 	307 	0 	0 	0 	0 	0 	0 	0 	0 	0 	0 	0 	0 	0 	0 	0 	0 	2539 	2776 	17 	52 	1075 
#record	106 	438 	389 	217 	0 	283 	342 	1797 	316 	434 	2243 	409 	311 	0 	0 	0 	0 	0 	0 	0 	0 	0 	0 	0 	0 	0 	0 	0 	0 	2567 	2803 	17 	52 	1070 
#record	107 	443 	394 	220 	0 	286 	345 	1817 	319 	439 	2268 	414 	315 	0 	0 	0 	0 	0 	0 	0 	0 	0 	0 	0 	0 	0 	0 	0 	0 	2596 	2835 	18 	53 	1065 
#record	108 	448 	398 	222 	0 	289 	349 	1837 	322 	444 	2290 	417 	318 	0 	0 	0 	0 	0 	0 	0 	0 	0 	0 	0 	0 	0 	0 	0 	0 	2624 	2862 	18 	53 	1060 
#record	109 	453 	403 	225 	0 	292 	352 	1857 	326 	450 	2315 	422 	322 	0 	0 	0 	0 	0 	0 	0 	0 	0 	0 	0 	0 	0 	0 	0 	0 	2653 	2894 	18 	54 	1055 
#record	110 	459 	408 	227 	0 	295 	355 	1877 	329 	455 	2341 	427 	326 	0 	0 	0 	0 	0 	0 	0 	0 	0 	0 	0 	0 	0 	0 	0 	0 	2681 	2926 	18 	54 	1050 
#record	111 	464 	413 	230 	0 	298 	359 	1897 	332 	460 	2362 	430 	330 	0 	0 	0 	0 	0 	0 	0 	0 	0 	0 	0 	0 	0 	0 	0 	0 	2710 	2953 	18 	55 	1045 
#record	112 	469 	418 	233 	0 	302 	363 	1917 	335 	465 	2388 	435 	333 	0 	0 	0 	0 	0 	0 	0 	0 	0 	0 	0 	0 	0 	0 	0 	0 	2738 	2985 	18 	55 	1040 
#record	113 	474 	422 	235 	0 	305 	366 	1937 	339 	471 	2409 	439 	337 	0 	0 	0 	0 	0 	0 	0 	0 	0 	0 	0 	0 	0 	0 	0 	0 	2767 	3012 	19 	56 	1035 
#record	114 	479 	426 	238 	0 	308 	371 	1953 	342 	476 	2435 	443 	341 	0 	0 	0 	0 	0 	0 	0 	0 	0 	0 	0 	0 	0 	0 	0 	0 	2791 	3044 	19 	56 	1030 
#record	115 	484 	431 	240 	0 	311 	374 	1973 	345 	481 	2456 	447 	345 	0 	0 	0 	0 	0 	0 	0 	0 	0 	0 	0 	0 	0 	0 	0 	0 	2819 	3071 	19 	57 	1025 
#record	116 	488 	433 	244 	0 	314 	378 	1993 	348 	487 	2482 	452 	349 	0 	0 	0 	0 	0 	0 	0 	0 	0 	0 	0 	0 	0 	0 	0 	0 	2826 	3093 	19 	57 	1025 
#record	117 	494 	438 	248 	0 	318 	383 	2010 	351 	492 	2504 	456 	352 	0 	0 	0 	0 	0 	0 	0 	0 	0 	0 	0 	0 	0 	0 	0 	0 	2853 	3123 	19 	58 	1025 
#record	118 	500 	443 	253 	0 	322 	387 	2030 	355 	497 	2529 	460 	356 	0 	0 	0 	0 	0 	0 	0 	0 	0 	0 	0 	0 	0 	0 	0 	0 	2880 	3154 	19 	58 	1025 
#record	119 	505 	447 	257 	0 	326 	392 	2050 	358 	502 	2551 	464 	360 	0 	0 	0 	0 	0 	0 	0 	0 	0 	0 	0 	0 	0 	0 	0 	0 	2907 	3184 	20 	59 	1025 
#record	120 	511 	452 	261 	0 	330 	396 	2070 	362 	508 	2576 	469 	364 	0 	0 	0 	0 	0 	0 	0 	0 	0 	0 	0 	0 	0 	0 	0 	0 	2934 	3215 	20 	60 	1000 
#record	121 	517 	457 	265 	0 	334 	400 	2087 	367 	513 	2598 	474 	367 	0 	0 	0 	0 	0 	0 	0 	0 	0 	0 	0 	0 	0 	0 	0 	0 	2961 	3244 	20 	60 	1000 
#record	122 	522 	462 	269 	0 	338 	405 	2106 	372 	518 	2623 	479 	371 	0 	0 	0 	0 	0 	0 	0 	0 	0 	0 	0 	0 	0 	0 	0 	0 	2988 	3274 	20 	61 	1000 
#record	123 	528 	467 	273 	0 	341 	409 	2126 	377 	524 	2645 	484 	375 	0 	0 	0 	0 	0 	0 	0 	0 	0 	0 	0 	0 	0 	0 	0 	0 	3014 	3305 	20 	61 	1000 
#record	124 	534 	472 	277 	0 	345 	413 	2146 	382 	529 	2670 	489 	379 	0 	0 	0 	0 	0 	0 	0 	0 	0 	0 	0 	0 	0 	0 	0 	0 	3041 	3335 	20 	62 	1000 
#record	125 	539 	476 	281 	0 	349 	418 	2163 	387 	534 	2696 	494 	383 	0 	0 	0 	0 	0 	0 	0 	0 	0 	0 	0 	0 	0 	0 	0 	0 	3068 	3365 	21 	62 	1000 
#record	126 	545 	481 	285 	0 	353 	422 	2183 	392 	539 	2717 	499 	386 	0 	0 	0 	0 	0 	0 	0 	0 	0 	0 	0 	0 	0 	0 	0 	0 	3095 	3396 	21 	63 	1000 
#record	127 	551 	486 	289 	0 	357 	426 	2203 	397 	545 	2743 	504 	390 	0 	0 	0 	0 	0 	0 	0 	0 	0 	0 	0 	0 	0 	0 	0 	0 	3121 	3426 	21 	63 	1000 
#record	128 	556 	491 	293 	0 	361 	431 	2220 	402 	550 	2764 	509 	394 	0 	0 	0 	0 	0 	0 	0 	0 	0 	0 	0 	0 	0 	0 	0 	0 	3148 	3457 	21 	64 	1000 
#record	129 	562 	496 	297 	0 	365 	435 	2240 	407 	555 	2790 	514 	398 	0 	0 	0 	0 	0 	0 	0 	0 	0 	0 	0 	0 	0 	0 	0 	0 	3175 	3487 	21 	64 	1000 
#record	130 	568 	501 	301 	0 	369 	439 	2260 	412 	561 	2811 	519 	402 	0 	0 	0 	0 	0 	0 	0 	0 	0 	0 	0 	0 	0 	0 	0 	0 	3202 	3518 	21 	65 	1000 
#record	131 	573 	506 	305 	0 	372 	444 	2280 	417 	566 	2837 	524 	405 	0 	0 	0 	0 	0 	0 	0 	0 	0 	0 	0 	0 	0 	0 	0 	0 	3229 	3547 	21 	65 	1000 
#record	132 	579 	510 	309 	0 	376 	448 	2296 	422 	571 	2859 	529 	409 	0 	0 	0 	0 	0 	0 	0 	0 	0 	0 	0 	0 	0 	0 	0 	0 	3255 	3577 	22 	66 	1000 
#record	133 	585 	515 	313 	0 	380 	452 	2316 	427 	576 	2884 	534 	413 	0 	0 	0 	0 	0 	0 	0 	0 	0 	0 	0 	0 	0 	0 	0 	0 	3282 	3608 	22 	66 	1000 
#record	134 	590 	520 	317 	0 	384 	457 	2336 	432 	582 	2906 	539 	417 	0 	0 	0 	0 	0 	0 	0 	0 	0 	0 	0 	0 	0 	0 	0 	0 	3309 	3638 	22 	67 	1000 
#record	135 	596 	525 	321 	0 	388 	461 	2356 	437 	587 	2931 	544 	420 	0 	0 	0 	0 	0 	0 	0 	0 	0 	0 	0 	0 	0 	0 	0 	0 	3336 	3669 	22 	67 	1000 
#record	136 	602 	530 	325 	0 	392 	465 	2373 	442 	592 	2953 	549 	424 	0 	0 	0 	0 	0 	0 	0 	0 	0 	0 	0 	0 	0 	0 	0 	0 	3363 	3699 	22 	68 	1000 
#record	137 	608 	535 	329 	0 	396 	470 	2393 	447 	597 	2978 	554 	428 	0 	0 	0 	0 	0 	0 	0 	0 	0 	0 	0 	0 	0 	0 	0 	0 	3390 	3729 	22 	68 	1000 
#record	138 	613 	540 	333 	0 	400 	474 	2413 	452 	603 	3000 	559 	432 	0 	0 	0 	0 	0 	0 	0 	0 	0 	0 	0 	0 	0 	0 	0 	0 	3417 	3760 	23 	69 	1000 
#record	139 	619 	544 	337 	0 	404 	479 	2429 	457 	608 	3025 	564 	436 	0 	0 	0 	0 	0 	0 	0 	0 	0 	0 	0 	0 	0 	0 	0 	0 	3443 	3790 	23 	69 	1000 
#record	140 	625 	549 	341 	0 	407 	483 	2449 	462 	613 	3051 	569 	439 	0 	0 	0 	0 	0 	0 	0 	0 	0 	0 	0 	0 	0 	0 	0 	0 	3470 	3821 	23 	70 	1000 
#record	141 	630 	554 	345 	0 	411 	487 	2469 	467 	619 	3072 	574 	443 	0 	0 	0 	0 	0 	0 	0 	0 	0 	0 	0 	0 	0 	0 	0 	0 	3497 	3850 	23 	70 	1000 
#record	142 	636 	559 	349 	0 	415 	492 	2489 	472 	624 	3098 	579 	447 	0 	0 	0 	0 	0 	0 	0 	0 	0 	0 	0 	0 	0 	0 	0 	0 	3524 	3880 	23 	71 	1000 
#record	143 	642 	564 	354 	0 	419 	496 	2506 	477 	629 	3119 	584 	451 	0 	0 	0 	0 	0 	0 	0 	0 	0 	0 	0 	0 	0 	0 	0 	0 	3550 	3911 	23 	71 	1000 
#record	144 	647 	569 	358 	0 	423 	500 	2526 	482 	634 	3145 	589 	455 	0 	0 	0 	0 	0 	0 	0 	0 	0 	0 	0 	0 	0 	0 	0 	0 	3577 	3941 	24 	72 	1000 
#record	145 	653 	574 	362 	0 	427 	505 	2546 	487 	640 	3167 	594 	458 	0 	0 	0 	0 	0 	0 	0 	0 	0 	0 	0 	0 	0 	0 	0 	0 	3604 	3972 	24 	72 	1000 
#record	146 	659 	579 	366 	0 	431 	509 	2566 	492 	645 	3192 	599 	462 	0 	0 	0 	0 	0 	0 	0 	0 	0 	0 	0 	0 	0 	0 	0 	0 	3631 	4002 	24 	73 	1000 
#record	147 	664 	583 	370 	0 	435 	513 	2583 	497 	650 	3214 	604 	466 	0 	0 	0 	0 	0 	0 	0 	0 	0 	0 	0 	0 	0 	0 	0 	0 	3658 	4032 	24 	73 	1000 
#record	148 	670 	588 	374 	0 	438 	518 	2602 	502 	656 	3239 	609 	470 	0 	0 	0 	0 	0 	0 	0 	0 	0 	0 	0 	0 	0 	0 	0 	0 	3685 	4063 	24 	74 	1000 
#record	149 	676 	593 	378 	0 	442 	522 	2622 	507 	661 	3261 	614 	473 	0 	0 	0 	0 	0 	0 	0 	0 	0 	0 	0 	0 	0 	0 	0 	0 	3711 	4093 	24 	74 	1000 
#record	150 	681 	598 	382 	0 	446 	526 	2639 	512 	666 	3286 	619 	477 	0 	0 	0 	0 	0 	0 	0 	0 	0 	0 	0 	0 	0 	0 	0 	0 	3738 	4124 	24 	75 	1000 
																																		
#end																																		
