;		Fight	Parameter																															
#ignore	\o042			; 인용부호 무시																														
#exchange	#	\x20		; # => space																														
;		2005.03.01																																
#table	Param																																	
#columntype	Dword	Dword	Dword	Dword	Dword	Dword	Dword	Dword	Dword	Dword	Dword	Dword	Dword	Dword	Dword	Dword	Dword	Dword	Dword	Dword	Dword	Dword	Dword	Dword	Dword	Dword	Dword	Dword	Dword	Word	Word	DWord	DWord	Word
#columnname	Level	Strength	Constitution	Intelligence	Wizdom	Dexterity	MentalPower	SoulHP	MAXSoulHP	PriceHPStone	SoulSP	MAXSoulSP	PriceSPStone	AtkPerAP	DmgPerAP	MaxPwrStone	NumPwrStone	PricePwrStone	PwrStoneWC	PwrStoneMA	MaxGrdStone	NumGrdStone	PriceGrdStone	GrdStoneAC	GrdStoneMR	PainRes	RestraintRes	CurseRes	ShockRes	MaxHP	MaxSP	CharTitlePt	SkillPwrPt	JobChangeDmgUp
#record	1 	6 	5 	1 	0 	3 	1 	36 	15 	3 	8 	7 	1 	0 	0 	0 	0 	0 	0 	0 	0 	0 	0 	0 	0 	0 	0 	0 	0 	52 	10 	1 	0 	1000 
#record	2 	10 	7 	1 	0 	5 	2 	52 	15 	4 	16 	7 	2 	0 	0 	0 	0 	0 	0 	0 	0 	0 	0 	0 	0 	0 	0 	0 	0 	74 	20 	1 	0 	1000 
#record	3 	13 	9 	2 	0 	7 	3 	63 	17 	6 	25 	8 	2 	0 	0 	0 	0 	0 	0 	0 	0 	0 	0 	0 	0 	0 	0 	0 	0 	90 	31 	1 	1 	1000 
#record	4 	17 	12 	2 	0 	8 	4 	80 	17 	7 	33 	8 	3 	0 	0 	0 	0 	0 	0 	0 	0 	0 	0 	0 	0 	0 	0 	0 	0 	114 	41 	1 	1 	1000 
#record	5 	20 	14 	2 	0 	10 	5 	96 	19 	8 	42 	9 	3 	0 	0 	0 	0 	0 	0 	0 	0 	0 	0 	0 	0 	0 	0 	0 	0 	137 	52 	1 	2 	1000 
#record	6 	23 	16 	3 	0 	12 	7 	113 	20 	9 	54 	10 	4 	0 	0 	0 	0 	0 	0 	0 	0 	0 	0 	0 	0 	0 	0 	0 	0 	161 	67 	2 	2 	1000 
#record	7 	26 	18 	3 	0 	14 	8 	129 	22 	10 	62 	11 	4 	0 	0 	0 	0 	0 	0 	0 	0 	0 	0 	0 	0 	0 	0 	0 	0 	184 	78 	2 	3 	1000 
#record	8 	28 	20 	4 	0 	16 	9 	146 	23 	12 	70 	11 	5 	0 	0 	0 	0 	0 	0 	0 	0 	0 	0 	0 	0 	0 	0 	0 	0 	208 	88 	2 	3 	1000 
#record	9 	31 	21 	4 	0 	18 	10 	158 	25 	13 	79 	12 	5 	0 	0 	0 	0 	0 	0 	0 	0 	0 	0 	0 	0 	0 	0 	0 	0 	226 	99 	2 	4 	1000 
#record	10 	33 	23 	5 	0 	20 	11 	175 	26 	14 	87 	13 	6 	0 	0 	0 	0 	0 	0 	0 	0 	0 	0 	0 	0 	0 	0 	0 	0 	250 	109 	2 	4 	1000 
#record	11 	36 	25 	5 	0 	22 	12 	191 	28 	15 	96 	14 	6 	0 	0 	0 	0 	0 	0 	0 	0 	0 	0 	0 	0 	0 	0 	0 	0 	273 	120 	2 	5 	1000 
#record	12 	39 	27 	6 	0 	24 	13 	208 	29 	16 	104 	14 	7 	0 	0 	0 	0 	0 	0 	0 	0 	0 	0 	0 	0 	0 	0 	0 	0 	297 	130 	3 	5 	1000 
#record	13 	41 	29 	6 	0 	26 	14 	224 	31 	18 	113 	15 	7 	0 	0 	0 	0 	0 	0 	0 	0 	0 	0 	0 	0 	0 	0 	0 	0 	320 	141 	3 	6 	1000 
#record	14 	44 	31 	7 	0 	28 	15 	241 	32 	19 	121 	16 	8 	0 	0 	0 	0 	0 	0 	0 	0 	0 	0 	0 	0 	0 	0 	0 	0 	344 	151 	3 	6 	1000 
#record	15 	46 	32 	7 	0 	30 	16 	253 	34 	20 	130 	16 	8 	0 	0 	0 	0 	0 	0 	0 	0 	0 	0 	0 	0 	0 	0 	0 	0 	362 	162 	3 	7 	1000 
#record	16 	49 	34 	8 	0 	32 	17 	270 	35 	21 	138 	17 	9 	0 	0 	0 	0 	0 	0 	0 	0 	0 	0 	0 	0 	0 	0 	0 	0 	386 	172 	3 	7 	1000 
#record	17 	52 	36 	8 	0 	34 	18 	286 	37 	22 	146 	18 	9 	0 	0 	0 	0 	0 	0 	0 	0 	0 	0 	0 	0 	0 	0 	0 	0 	409 	183 	3 	8 	1000 
#record	18 	54 	38 	9 	0 	35 	19 	303 	38 	24 	154 	18 	10 	0 	0 	0 	0 	0 	0 	0 	0 	0 	0 	0 	0 	0 	0 	0 	0 	433 	193 	4 	8 	1000 
#record	19 	57 	40 	10 	0 	37 	21 	319 	40 	25 	167 	19 	10 	0 	0 	0 	0 	0 	0 	0 	0 	0 	0 	0 	0 	0 	0 	0 	0 	456 	209 	4 	9 	1000 
#record	20 	68 	47 	11 	0 	44 	25 	373 	58 	28 	197 	20 	12 	0 	0 	0 	0 	0 	0 	0 	0 	0 	0 	0 	0 	0 	0 	0 	0 	534 	246 	4 	9 	1000 
#record	21 	71 	51 	12 	0 	46 	27 	392 	61 	32 	207 	22 	13 	0 	0 	0 	0 	0 	0 	0 	0 	0 	0 	0 	0 	0 	0 	0 	0 	559 	259 	4 	10 	1000 
#record	22 	75 	54 	13 	0 	48 	29 	410 	71 	33 	216 	23 	15 	0 	0 	0 	0 	0 	0 	0 	0 	0 	0 	0 	0 	0 	0 	0 	0 	585 	270 	4 	10 	1000 
#record	23 	79 	56 	14 	0 	50 	30 	422 	74 	34 	225 	24 	16 	0 	0 	0 	0 	0 	0 	0 	0 	0 	0 	0 	0 	0 	0 	0 	0 	603 	282 	4 	11 	1000 
#record	24 	82 	59 	14 	0 	51 	32 	438 	86 	34 	233 	25 	18 	0 	0 	0 	0 	0 	0 	0 	0 	0 	0 	0 	0 	0 	0 	0 	0 	626 	292 	4 	11 	1000 
#record	25 	85 	62 	15 	0 	53 	34 	454 	91 	37 	246 	26 	19 	0 	0 	0 	0 	0 	0 	0 	0 	0 	0 	0 	0 	0 	0 	0 	0 	648 	307 	5 	12 	1000 
#record	26 	90 	65 	16 	0 	55 	36 	473 	94 	40 	258 	27 	21 	0 	0 	0 	0 	0 	0 	0 	0 	0 	0 	0 	0 	0 	0 	0 	0 	676 	322 	5 	12 	1000 
#record	27 	95 	69 	17 	0 	58 	38 	497 	111 	43 	270 	54 	22 	0 	0 	0 	0 	0 	0 	0 	0 	0 	0 	0 	0 	0 	0 	0 	0 	710 	337 	5 	13 	1000 
#record	28 	99 	72 	18 	0 	60 	40 	517 	115 	46 	282 	56 	24 	0 	0 	0 	0 	0 	0 	0 	0 	0 	0 	0 	0 	0 	0 	0 	0 	738 	353 	5 	13 	1000 
#record	29 	104 	76 	19 	0 	63 	42 	540 	120 	48 	294 	58 	25 	0 	0 	0 	0 	0 	0 	0 	0 	0 	0 	0 	0 	0 	0 	0 	0 	772 	368 	5 	14 	1000 
#record	30 	109 	80 	20 	0 	66 	44 	564 	125 	51 	307 	60 	27 	0 	0 	0 	0 	0 	0 	0 	0 	0 	0 	0 	0 	0 	0 	0 	0 	805 	384 	5 	14 	1000 
#record	31 	113 	83 	21 	0 	68 	46 	584 	129 	54 	319 	63 	28 	0 	0 	0 	0 	0 	0 	0 	0 	0 	0 	0 	0 	0 	0 	0 	0 	834 	399 	6 	15 	1000 
#record	32 	118 	87 	22 	0 	71 	49 	607 	133 	57 	336 	66 	30 	0 	0 	0 	0 	0 	0 	0 	0 	0 	0 	0 	0 	0 	0 	0 	0 	867 	420 	6 	15 	1000 
#record	33 	123 	91 	23 	0 	73 	51 	631 	138 	60 	348 	68 	31 	0 	0 	0 	0 	0 	0 	0 	0 	0 	0 	0 	0 	0 	0 	0 	0 	901 	435 	6 	16 	1000 
#record	34 	127 	94 	24 	0 	76 	53 	650 	142 	63 	361 	70 	33 	0 	0 	0 	0 	0 	0 	0 	0 	0 	0 	0 	0 	0 	0 	0 	0 	929 	451 	6 	16 	1000 
#record	35 	132 	98 	25 	0 	78 	55 	674 	147 	66 	373 	72 	34 	0 	0 	0 	0 	0 	0 	0 	0 	0 	0 	0 	0 	0 	0 	0 	0 	963 	466 	6 	17 	1000 
#record	36 	137 	102 	26 	0 	81 	57 	697 	152 	69 	386 	74 	36 	0 	0 	0 	0 	0 	0 	0 	0 	0 	0 	0 	0 	0 	0 	0 	0 	996 	482 	6 	17 	1000 
#record	37 	141 	105 	27 	0 	84 	59 	718 	156 	72 	398 	77 	37 	0 	0 	0 	0 	0 	0 	0 	0 	0 	0 	0 	0 	0 	0 	0 	0 	1025 	497 	7 	18 	1000 
#record	38 	146 	109 	28 	0 	86 	62 	741 	161 	74 	414 	80 	39 	0 	0 	0 	0 	0 	0 	0 	0 	0 	0 	0 	0 	0 	0 	0 	0 	1058 	518 	7 	18 	1000 
#record	39 	151 	113 	29 	0 	89 	64 	764 	166 	77 	426 	82 	40 	0 	0 	0 	0 	0 	0 	0 	0 	0 	0 	0 	0 	0 	0 	0 	0 	1092 	533 	7 	19 	1000 
#record	40 	156 	116 	30 	0 	91 	66 	784 	170 	80 	439 	84 	42 	0 	0 	0 	0 	0 	0 	0 	0 	0 	0 	0 	0 	0 	0 	0 	0 	1120 	549 	7 	19 	1000 
#record	41 	160 	120 	31 	0 	94 	68 	808 	174 	83 	451 	86 	43 	0 	0 	0 	0 	0 	0 	0 	0 	0 	0 	0 	0 	0 	0 	0 	0 	1154 	564 	7 	20 	1000 
#record	42 	165 	124 	32 	0 	96 	70 	831 	179 	86 	464 	88 	45 	0 	0 	0 	0 	0 	0 	0 	0 	0 	0 	0 	0 	0 	0 	0 	0 	1187 	580 	7 	20 	1000 
#record	43 	170 	127 	33 	0 	99 	72 	851 	183 	89 	476 	91 	46 	0 	0 	0 	0 	0 	0 	0 	0 	0 	0 	0 	0 	0 	0 	0 	0 	1216 	595 	7 	21 	1000 
#record	44 	174 	131 	33 	0 	102 	75 	874 	188 	92 	493 	94 	48 	0 	0 	0 	0 	0 	0 	0 	0 	0 	0 	0 	0 	0 	0 	0 	0 	1249 	616 	8 	21 	1000 
#record	45 	179 	134 	34 	0 	104 	77 	895 	192 	95 	505 	96 	49 	0 	0 	0 	0 	0 	0 	0 	0 	0 	0 	0 	0 	0 	0 	0 	0 	1278 	631 	8 	22 	1000 
#record	46 	184 	138 	35 	0 	107 	79 	918 	197 	97 	518 	98 	51 	0 	0 	0 	0 	0 	0 	0 	0 	0 	0 	0 	0 	0 	0 	0 	0 	1311 	647 	8 	22 	1000 
#record	47 	188 	142 	36 	0 	109 	81 	942 	202 	100 	530 	100 	52 	0 	0 	0 	0 	0 	0 	0 	0 	0 	0 	0 	0 	0 	0 	0 	0 	1345 	662 	8 	23 	1000 
#record	48 	193 	145 	37 	0 	112 	83 	961 	206 	103 	542 	102 	54 	0 	0 	0 	0 	0 	0 	0 	0 	0 	0 	0 	0 	0 	0 	0 	0 	1373 	678 	8 	23 	1000 
#record	49 	198 	149 	38 	0 	114 	85 	985 	211 	106 	554 	105 	55 	0 	0 	0 	0 	0 	0 	0 	0 	0 	0 	0 	0 	0 	0 	0 	0 	1407 	693 	8 	24 	1000 
#record	50 	203 	153 	39 	0 	117 	88 	1009 	215 	109 	571 	108 	57 	0 	0 	0 	0 	0 	0 	0 	0 	0 	0 	0 	0 	0 	0 	0 	0 	1441 	714 	9 	24 	1000 
#record	51 	207 	156 	40 	0 	120 	90 	1028 	219 	126 	583 	110 	67 	0 	0 	0 	0 	0 	0 	0 	0 	0 	0 	0 	0 	0 	0 	0 	0 	1469 	729 	9 	25 	1000 
#record	52 	212 	160 	41 	0 	122 	92 	1052 	224 	129 	595 	112 	69 	0 	0 	0 	0 	0 	0 	0 	0 	0 	0 	0 	0 	0 	0 	0 	0 	1503 	744 	9 	25 	1000 
#record	53 	217 	164 	42 	0 	125 	94 	1075 	229 	132 	608 	114 	70 	0 	0 	0 	0 	0 	0 	0 	0 	0 	0 	0 	0 	0 	0 	0 	0 	1536 	760 	9 	26 	1000 
#record	54 	221 	167 	43 	0 	127 	96 	1096 	233 	136 	620 	116 	72 	0 	0 	0 	0 	0 	0 	0 	0 	0 	0 	0 	0 	0 	0 	0 	0 	1565 	775 	9 	26 	1000 
#record	55 	226 	171 	44 	0 	130 	98 	1119 	238 	139 	633 	119 	74 	0 	0 	0 	0 	0 	0 	0 	0 	0 	0 	0 	0 	0 	0 	0 	0 	1598 	791 	9 	27 	1000 
#record	56 	231 	175 	45 	0 	132 	100 	1142 	243 	142 	645 	121 	76 	0 	0 	0 	0 	0 	0 	0 	0 	0 	0 	0 	0 	0 	0 	0 	0 	1632 	806 	10 	27 	1000 
#record	57 	235 	178 	46 	0 	135 	103 	1162 	247 	145 	662 	124 	77 	0 	0 	0 	0 	0 	0 	0 	0 	0 	0 	0 	0 	0 	0 	0 	0 	1660 	827 	10 	28 	1000 
#record	58 	240 	182 	47 	0 	138 	105 	1186 	252 	149 	674 	126 	79 	0 	0 	0 	0 	0 	0 	0 	0 	0 	0 	0 	0 	0 	0 	0 	0 	1694 	842 	10 	28 	1000 
#record	59 	245 	186 	48 	0 	140 	107 	1209 	256 	152 	686 	128 	81 	0 	0 	0 	0 	0 	0 	0 	0 	0 	0 	0 	0 	0 	0 	0 	0 	1727 	858 	10 	29 	1000 
#record	60 	264 	200 	51 	0 	150 	116 	1356 	261 	208 	773 	131 	114 	0 	0 	0 	0 	0 	0 	0 	0 	0 	0 	0 	0 	0 	0 	0 	0 	1937 	966 	10 	29 	1000 
#record	61 	267 	203 	52 	0 	153 	116 	1373 	267 	214 	780 	133 	118 	0 	0 	0 	0 	0 	0 	0 	0 	0 	0 	0 	0 	0 	0 	0 	0 	1961 	974 	10 	30 	1000 
#record	62 	272 	205 	54 	0 	155 	118 	1386 	271 	220 	790 	136 	121 	0 	0 	0 	0 	0 	0 	0 	0 	0 	0 	0 	0 	0 	0 	0 	0 	1980 	987 	11 	30 	1000 
#record	63 	275 	208 	54 	0 	156 	120 	1401 	277 	226 	800 	139 	124 	0 	0 	0 	0 	0 	0 	0 	0 	0 	0 	0 	0 	0 	0 	0 	0 	2002 	1000 	11 	31 	1000 
#record	64 	279 	210 	55 	0 	158 	121 	1414 	282 	231 	806 	141 	127 	0 	0 	0 	0 	0 	0 	0 	0 	0 	0 	0 	0 	0 	0 	0 	0 	2019 	1007 	11 	31 	1000 
#record	65 	282 	213 	56 	0 	159 	123 	1428 	287 	237 	816 	144 	130 	0 	0 	0 	0 	0 	0 	0 	0 	0 	0 	0 	0 	0 	0 	0 	0 	2040 	1020 	11 	32 	1000 
#record	66 	289 	217 	57 	0 	163 	126 	1439 	292 	243 	825 	147 	133 	0 	0 	0 	0 	0 	0 	0 	0 	0 	0 	0 	0 	0 	0 	0 	0 	2056 	1031 	11 	32 	1000 
#record	67 	295 	222 	58 	0 	166 	129 	1453 	297 	249 	834 	150 	137 	0 	0 	0 	0 	0 	0 	0 	0 	0 	0 	0 	0 	0 	0 	0 	0 	2075 	1042 	11 	33 	1000 
#record	68 	301 	227 	59 	0 	169 	131 	1467 	303 	254 	838 	152 	140 	0 	0 	0 	0 	0 	0 	0 	0 	0 	0 	0 	0 	0 	0 	0 	0 	2095 	1048 	11 	33 	1000 
#record	69 	307 	231 	61 	0 	172 	134 	1476 	308 	260 	847 	155 	143 	0 	0 	0 	0 	0 	0 	0 	0 	0 	0 	0 	0 	0 	0 	0 	0 	2108 	1058 	12 	34 	1000 
#record	70 	314 	236 	62 	0 	175 	137 	1488 	313 	266 	854 	158 	146 	0 	0 	0 	0 	0 	0 	0 	0 	0 	0 	0 	0 	0 	0 	0 	0 	2126 	1068 	12 	34 	1000 
#record	71 	320 	240 	63 	0 	179 	139 	1511 	318 	272 	867 	160 	149 	0 	0 	0 	0 	0 	0 	0 	0 	0 	0 	0 	0 	0 	0 	0 	0 	2159 	1084 	12 	35 	1000 
#record	72 	326 	245 	64 	0 	182 	142 	1539 	324 	277 	883 	163 	152 	0 	0 	0 	0 	0 	0 	0 	0 	0 	0 	0 	0 	0 	0 	0 	0 	2198 	1104 	12 	35 	1000 
#record	73 	333 	249 	66 	0 	185 	145 	1562 	328 	283 	900 	166 	156 	0 	0 	0 	0 	0 	0 	0 	0 	0 	0 	0 	0 	0 	0 	0 	0 	2231 	1125 	12 	36 	1000 
#record	74 	339 	254 	67 	0 	188 	147 	1589 	334 	289 	912 	168 	159 	0 	0 	0 	0 	0 	0 	0 	0 	0 	0 	0 	0 	0 	0 	0 	0 	2270 	1140 	12 	36 	1000 
#record	75 	345 	259 	68 	0 	191 	150 	1616 	339 	295 	929 	171 	162 	0 	0 	0 	0 	0 	0 	0 	0 	0 	0 	0 	0 	0 	0 	0 	0 	2309 	1161 	13 	37 	1000 
#record	76 	351 	263 	70 	0 	195 	153 	1639 	344 	300 	945 	174 	165 	0 	0 	0 	0 	0 	0 	0 	0 	0 	0 	0 	0 	0 	0 	0 	0 	2342 	1181 	13 	37 	1000 
#record	77 	358 	268 	71 	0 	198 	156 	1667 	350 	306 	961 	177 	168 	0 	0 	0 	0 	0 	0 	0 	0 	0 	0 	0 	0 	0 	0 	0 	0 	2381 	1201 	13 	38 	1000 
#record	78 	364 	272 	72 	0 	201 	158 	1690 	354 	312 	974 	179 	171 	0 	0 	0 	0 	0 	0 	0 	0 	0 	0 	0 	0 	0 	0 	0 	0 	2414 	1217 	13 	38 	1000 
#record	79 	370 	277 	73 	0 	204 	161 	1717 	360 	318 	990 	182 	175 	0 	0 	0 	0 	0 	0 	0 	0 	0 	0 	0 	0 	0 	0 	0 	0 	2453 	1237 	13 	39 	1000 
#record	80 	376 	281 	75 	0 	208 	164 	1740 	365 	324 	1006 	185 	178 	0 	0 	0 	0 	0 	0 	0 	0 	0 	0 	0 	0 	0 	0 	0 	0 	2486 	1258 	13 	39 	1000 
#record	81 	383 	286 	76 	0 	211 	166 	1768 	370 	329 	1018 	187 	181 	0 	0 	0 	0 	0 	0 	0 	0 	0 	0 	0 	0 	0 	0 	0 	0 	2525 	1273 	14 	40 	1000 
#record	82 	389 	290 	77 	0 	214 	169 	1791 	375 	335 	1035 	190 	184 	0 	0 	0 	0 	0 	0 	0 	0 	0 	0 	0 	0 	0 	0 	0 	0 	2558 	1294 	14 	40 	1000 
#record	83 	395 	295 	79 	0 	217 	172 	1818 	381 	341 	1051 	193 	187 	0 	0 	0 	0 	0 	0 	0 	0 	0 	0 	0 	0 	0 	0 	0 	0 	2597 	1314 	14 	41 	1000 
#record	84 	401 	300 	80 	0 	220 	174 	1845 	386 	347 	1064 	196 	190 	0 	0 	0 	0 	0 	0 	0 	0 	0 	0 	0 	0 	0 	0 	0 	0 	2635 	1330 	14 	41 	1000 
#record	85 	408 	304 	81 	0 	224 	177 	1868 	391 	352 	1080 	198 	194 	0 	0 	0 	0 	0 	0 	0 	0 	0 	0 	0 	0 	0 	0 	0 	0 	2669 	1350 	14 	42 	1000 
#record	86 	414 	309 	82 	0 	227 	180 	1895 	396 	358 	1097 	201 	197 	0 	0 	0 	0 	0 	0 	0 	0 	0 	0 	0 	0 	0 	0 	0 	0 	2707 	1371 	14 	42 	1000 
#record	87 	420 	313 	84 	0 	230 	183 	1919 	401 	364 	1113 	204 	200 	0 	0 	0 	0 	0 	0 	0 	0 	0 	0 	0 	0 	0 	0 	0 	0 	2741 	1391 	14 	43 	1000 
#record	88 	426 	318 	85 	0 	233 	185 	1945 	407 	370 	1126 	207 	203 	0 	0 	0 	0 	0 	0 	0 	0 	0 	0 	0 	0 	0 	0 	0 	0 	2779 	1407 	15 	43 	1000 
#record	89 	433 	322 	86 	0 	236 	188 	1969 	411 	375 	1142 	209 	206 	0 	0 	0 	0 	0 	0 	0 	0 	0 	0 	0 	0 	0 	0 	0 	0 	2813 	1427 	15 	44 	1000 
#record	90 	439 	327 	87 	0 	240 	191 	1996 	417 	381 	1158 	212 	209 	0 	0 	0 	0 	0 	0 	0 	0 	0 	0 	0 	0 	0 	0 	0 	0 	2851 	1448 	15 	44 	1000 
#record	91 	445 	331 	89 	0 	243 	193 	2020 	422 	387 	1170 	215 	213 	0 	0 	0 	0 	0 	0 	0 	0 	0 	0 	0 	0 	0 	0 	0 	0 	2885 	1463 	15 	45 	1000 
#record	92 	452 	336 	90 	0 	246 	196 	2046 	427 	393 	1187 	218 	216 	0 	0 	0 	0 	0 	0 	0 	0 	0 	0 	0 	0 	0 	0 	0 	0 	2923 	1484 	15 	45 	1000 
#record	93 	458 	341 	91 	0 	249 	199 	2073 	433 	398 	1203 	220 	219 	0 	0 	0 	0 	0 	0 	0 	0 	0 	0 	0 	0 	0 	0 	0 	0 	2962 	1504 	15 	46 	1000 
#record	94 	464 	345 	93 	0 	252 	201 	2097 	437 	404 	1216 	223 	222 	0 	0 	0 	0 	0 	0 	0 	0 	0 	0 	0 	0 	0 	0 	0 	0 	2995 	1520 	16 	46 	1000 
#record	95 	470 	350 	94 	0 	256 	204 	2124 	443 	410 	1232 	226 	225 	0 	0 	0 	0 	0 	0 	0 	0 	0 	0 	0 	0 	0 	0 	0 	0 	3034 	1540 	16 	47 	1000 
#record	96 	477 	354 	95 	0 	259 	207 	2147 	448 	416 	1249 	229 	228 	0 	0 	0 	0 	0 	0 	0 	0 	0 	0 	0 	0 	0 	0 	0 	0 	3067 	1561 	16 	47 	1000 
#record	97 	483 	359 	96 	0 	262 	210 	2174 	453 	421 	1265 	231 	232 	0 	0 	0 	0 	0 	0 	0 	0 	0 	0 	0 	0 	0 	0 	0 	0 	3106 	1581 	16 	48 	1000 
#record	98 	489 	363 	98 	0 	265 	212 	2197 	458 	427 	1278 	234 	235 	0 	0 	0 	0 	0 	0 	0 	0 	0 	0 	0 	0 	0 	0 	0 	0 	3139 	1597 	16 	48 	1000 
#record	99 	495 	368 	99 	0 	268 	215 	2225 	464 	433 	1294 	237 	238 	0 	0 	0 	0 	0 	0 	0 	0 	0 	0 	0 	0 	0 	0 	0 	0 	3178 	1617 	16 	49 	1000 
#record	100 	593 	405 	100 	0 	272 	218 	2685 	469 	439 	1310 	240 	241 	0 	0 	0 	0 	0 	0 	0 	0 	0 	0 	0 	0 	0 	0 	0 	0 	3836 	2029 	17 	49 	1100 
#record	101 	601 	409 	102 	0 	275 	220 	2717 	474 	444 	1322 	242 	244 	0 	0 	0 	0 	0 	0 	0 	0 	0 	0 	0 	0 	0 	0 	0 	0 	3882 	2044 	17 	50 	1095 
#record	102 	610 	414 	103 	0 	278 	223 	2749 	479 	450 	1338 	245 	247 	0 	0 	0 	0 	0 	0 	0 	0 	0 	0 	0 	0 	0 	0 	0 	0 	3928 	2064 	17 	50 	1090 
#record	103 	618 	418 	104 	0 	281 	226 	2781 	484 	456 	1355 	248 	251 	0 	0 	0 	0 	0 	0 	0 	0 	0 	0 	0 	0 	0 	0 	0 	0 	3973 	2085 	17 	51 	1085 
#record	104 	626 	423 	105 	0 	285 	228 	2813 	490 	462 	1367 	250 	254 	0 	0 	0 	0 	0 	0 	0 	0 	0 	0 	0 	0 	0 	0 	0 	0 	4019 	2100 	17 	51 	1080 
#record	105 	635 	427 	107 	0 	288 	231 	2845 	494 	468 	1384 	253 	257 	0 	0 	0 	0 	0 	0 	0 	0 	0 	0 	0 	0 	0 	0 	0 	0 	4064 	2121 	17 	52 	1075 
#record	106 	643 	432 	108 	0 	291 	234 	2877 	500 	473 	1400 	256 	260 	0 	0 	0 	0 	0 	0 	0 	0 	0 	0 	0 	0 	0 	0 	0 	0 	4110 	2141 	17 	52 	1070 
#record	107 	652 	436 	109 	0 	294 	237 	2909 	505 	479 	1417 	259 	263 	0 	0 	0 	0 	0 	0 	0 	0 	0 	0 	0 	0 	0 	0 	0 	0 	4156 	2162 	18 	53 	1065 
#record	108 	660 	441 	110 	0 	297 	239 	2941 	510 	485 	1429 	261 	266 	0 	0 	0 	0 	0 	0 	0 	0 	0 	0 	0 	0 	0 	0 	0 	0 	4201 	2177 	18 	53 	1060 
#record	109 	668 	446 	112 	0 	301 	242 	2973 	516 	491 	1446 	264 	270 	0 	0 	0 	0 	0 	0 	0 	0 	0 	0 	0 	0 	0 	0 	0 	0 	4247 	2198 	18 	54 	1055 
#record	110 	677 	450 	113 	0 	304 	245 	3005 	521 	496 	1462 	267 	273 	0 	0 	0 	0 	0 	0 	0 	0 	0 	0 	0 	0 	0 	0 	0 	0 	4292 	2218 	18 	54 	1050 
#record	111 	685 	455 	114 	0 	307 	247 	3037 	526 	502 	1474 	269 	276 	0 	0 	0 	0 	0 	0 	0 	0 	0 	0 	0 	0 	0 	0 	0 	0 	4338 	2234 	18 	55 	1045 
#record	112 	692 	459 	116 	0 	310 	250 	3065 	531 	508 	1490 	272 	279 	0 	0 	0 	0 	0 	0 	0 	0 	0 	0 	0 	0 	0 	0 	0 	0 	4379 	2254 	18 	55 	1040 
#record	113 	700 	464 	117 	0 	313 	253 	3097 	536 	514 	1507 	275 	282 	0 	0 	0 	0 	0 	0 	0 	0 	0 	0 	0 	0 	0 	0 	0 	0 	4424 	2275 	19 	56 	1035 
#record	114 	707 	468 	118 	0 	317 	255 	3126 	541 	519 	1519 	277 	285 	0 	0 	0 	0 	0 	0 	0 	0 	0 	0 	0 	0 	0 	0 	0 	0 	4465 	2290 	19 	56 	1030 
#record	115 	715 	473 	119 	0 	320 	258 	3158 	547 	525 	1536 	280 	289 	0 	0 	0 	0 	0 	0 	0 	0 	0 	0 	0 	0 	0 	0 	0 	0 	4511 	2311 	19 	57 	1025 
#record	116 	724 	475 	121 	0 	324 	261 	3186 	551 	531 	1552 	283 	292 	0 	0 	0 	0 	0 	0 	0 	0 	0 	0 	0 	0 	0 	0 	0 	0 	4542 	2325 	19 	57 	1025 
#record	117 	732 	480 	123 	0 	328 	264 	3218 	557 	537 	1569 	286 	295 	0 	0 	0 	0 	0 	0 	0 	0 	0 	0 	0 	0 	0 	0 	0 	0 	4586 	2348 	19 	58 	1025 
#record	118 	740 	486 	125 	0 	332 	267 	3251 	562 	542 	1581 	288 	298 	0 	0 	0 	0 	0 	0 	0 	0 	0 	0 	0 	0 	0 	0 	0 	0 	4629 	2371 	19 	58 	1025 
#record	119 	749 	490 	127 	0 	336 	270 	3279 	567 	548 	1598 	291 	301 	0 	0 	0 	0 	0 	0 	0 	0 	0 	0 	0 	0 	0 	0 	0 	0 	4672 	2394 	20 	59 	1025 
#record	120 	757 	496 	129 	0 	340 	273 	3311 	573 	554 	1614 	294 	304 	0 	0 	0 	0 	0 	0 	0 	0 	0 	0 	0 	0 	0 	0 	0 	0 	4715 	2417 	20 	60 	1000 
#record	121 	766 	501 	131 	0 	344 	276 	3339 	578 	560 	1626 	299 	308 	0 	0 	0 	0 	0 	0 	0 	0 	0 	0 	0 	0 	0 	0 	0 	0 	4758 	2438 	20 	60 	1000 
#record	122 	774 	507 	133 	0 	348 	279 	3372 	583 	565 	1642 	304 	311 	0 	0 	0 	0 	0 	0 	0 	0 	0 	0 	0 	0 	0 	0 	0 	0 	4802 	2461 	20 	61 	1000 
#record	123 	782 	512 	135 	0 	352 	282 	3400 	588 	571 	1659 	309 	314 	0 	0 	0 	0 	0 	0 	0 	0 	0 	0 	0 	0 	0 	0 	0 	0 	4845 	2484 	20 	61 	1000 
#record	124 	791 	518 	137 	0 	356 	285 	3432 	593 	577 	1671 	314 	317 	0 	0 	0 	0 	0 	0 	0 	0 	0 	0 	0 	0 	0 	0 	0 	0 	4887 	2507 	20 	62 	1000 
#record	125 	799 	522 	139 	0 	360 	288 	3465 	598 	583 	1688 	319 	320 	0 	0 	0 	0 	0 	0 	0 	0 	0 	0 	0 	0 	0 	0 	0 	0 	4930 	2530 	21 	62 	1000 
#record	126 	808 	528 	141 	0 	364 	291 	3493 	603 	588 	1704 	324 	323 	0 	0 	0 	0 	0 	0 	0 	0 	0 	0 	0 	0 	0 	0 	0 	0 	4973 	2553 	21 	63 	1000 
#record	127 	816 	533 	143 	0 	368 	294 	3526 	608 	594 	1720 	329 	327 	0 	0 	0 	0 	0 	0 	0 	0 	0 	0 	0 	0 	0 	0 	0 	0 	5017 	2576 	21 	63 	1000 
#record	128 	824 	539 	145 	0 	372 	297 	3553 	613 	600 	1733 	334 	330 	0 	0 	0 	0 	0 	0 	0 	0 	0 	0 	0 	0 	0 	0 	0 	0 	5060 	2599 	21 	64 	1000 
#record	129 	833 	544 	147 	0 	376 	300 	3586 	618 	606 	1749 	339 	333 	0 	0 	0 	0 	0 	0 	0 	0 	0 	0 	0 	0 	0 	0 	0 	0 	5103 	2621 	21 	64 	1000 
#record	130 	841 	550 	149 	0 	380 	303 	3614 	623 	612 	1766 	344 	336 	0 	0 	0 	0 	0 	0 	0 	0 	0 	0 	0 	0 	0 	0 	0 	0 	5146 	2644 	21 	65 	1000 
#record	131 	850 	555 	151 	0 	384 	306 	3646 	628 	617 	1778 	349 	339 	0 	0 	0 	0 	0 	0 	0 	0 	0 	0 	0 	0 	0 	0 	0 	0 	5189 	2666 	21 	65 	1000 
#record	132 	858 	560 	153 	0 	388 	309 	3674 	633 	623 	1794 	354 	342 	0 	0 	0 	0 	0 	0 	0 	0 	0 	0 	0 	0 	0 	0 	0 	0 	5232 	2689 	22 	66 	1000 
#record	133 	866 	565 	155 	0 	392 	312 	3707 	638 	629 	1810 	359 	346 	0 	0 	0 	0 	0 	0 	0 	0 	0 	0 	0 	0 	0 	0 	0 	0 	5275 	2712 	22 	66 	1000 
#record	134 	875 	571 	157 	0 	396 	315 	3739 	643 	635 	1823 	364 	349 	0 	0 	0 	0 	0 	0 	0 	0 	0 	0 	0 	0 	0 	0 	0 	0 	5318 	2735 	22 	67 	1000 
#record	135 	883 	576 	159 	0 	400 	318 	3767 	648 	640 	1839 	369 	352 	0 	0 	0 	0 	0 	0 	0 	0 	0 	0 	0 	0 	0 	0 	0 	0 	5361 	2758 	22 	67 	1000 
#record	136 	892 	581 	161 	0 	404 	321 	3799 	653 	646 	1856 	374 	355 	0 	0 	0 	0 	0 	0 	0 	0 	0 	0 	0 	0 	0 	0 	0 	0 	5405 	2781 	22 	68 	1000 
#record	137 	900 	587 	163 	0 	408 	324 	3828 	658 	652 	1872 	379 	358 	0 	0 	0 	0 	0 	0 	0 	0 	0 	0 	0 	0 	0 	0 	0 	0 	5448 	2803 	22 	68 	1000 
#record	138 	908 	592 	165 	0 	412 	327 	3860 	663 	658 	1885 	384 	361 	0 	0 	0 	0 	0 	0 	0 	0 	0 	0 	0 	0 	0 	0 	0 	0 	5491 	2826 	23 	69 	1000 
#record	139 	917 	597 	167 	0 	416 	330 	3888 	668 	663 	1901 	389 	365 	0 	0 	0 	0 	0 	0 	0 	0 	0 	0 	0 	0 	0 	0 	0 	0 	5534 	2849 	23 	69 	1000 
#record	140 	925 	602 	169 	0 	420 	333 	3920 	673 	669 	1918 	394 	368 	0 	0 	0 	0 	0 	0 	0 	0 	0 	0 	0 	0 	0 	0 	0 	0 	5576 	2872 	23 	70 	1000 
#record	141 	934 	608 	171 	0 	424 	336 	3949 	678 	675 	1930 	399 	371 	0 	0 	0 	0 	0 	0 	0 	0 	0 	0 	0 	0 	0 	0 	0 	0 	5620 	2894 	23 	70 	1000 
#record	142 	942 	613 	173 	0 	428 	339 	3981 	683 	681 	1946 	404 	374 	0 	0 	0 	0 	0 	0 	0 	0 	0 	0 	0 	0 	0 	0 	0 	0 	5663 	2917 	23 	71 	1000 
#record	143 	950 	619 	175 	0 	432 	342 	4014 	688 	686 	1962 	409 	377 	0 	0 	0 	0 	0 	0 	0 	0 	0 	0 	0 	0 	0 	0 	0 	0 	5706 	2940 	23 	71 	1000 
#record	144 	959 	624 	177 	0 	436 	345 	4041 	693 	692 	1975 	414 	380 	0 	0 	0 	0 	0 	0 	0 	0 	0 	0 	0 	0 	0 	0 	0 	0 	5749 	2963 	24 	72 	1000 
#record	145 	967 	629 	179 	0 	440 	348 	4074 	698 	698 	1991 	419 	384 	0 	0 	0 	0 	0 	0 	0 	0 	0 	0 	0 	0 	0 	0 	0 	0 	5792 	2986 	24 	72 	1000 
#record	146 	976 	634 	181 	0 	444 	351 	4102 	703 	704 	2008 	424 	387 	0 	0 	0 	0 	0 	0 	0 	0 	0 	0 	0 	0 	0 	0 	0 	0 	5836 	3008 	24 	73 	1000 
#record	147 	984 	640 	183 	0 	448 	354 	4135 	708 	709 	2024 	429 	390 	0 	0 	0 	0 	0 	0 	0 	0 	0 	0 	0 	0 	0 	0 	0 	0 	5879 	3031 	24 	73 	1000 
#record	148 	992 	645 	185 	0 	452 	357 	4162 	713 	715 	2037 	434 	393 	0 	0 	0 	0 	0 	0 	0 	0 	0 	0 	0 	0 	0 	0 	0 	0 	5922 	3054 	24 	74 	1000 
#record	149 	1001 	651 	187 	0 	456 	360 	4195 	718 	721 	2053 	439 	396 	0 	0 	0 	0 	0 	0 	0 	0 	0 	0 	0 	0 	0 	0 	0 	0 	5964 	3077 	24 	74 	1000 
#record	150 	1009 	656 	189 	0 	460 	363 	4228 	723 	727 	2070 	444 	399 	0 	0 	0 	0 	0 	0 	0 	0 	0 	0 	0 	0 	0 	0 	0 	0 	6008 	3100 	24 	75 	1000 
																																		
#end																																		
